T= 2500
  -7.0707e-02  -7.0707e-02  -7.0707e-02  -7.0707e-02  -7.0707e-02  -7.0707e-02  -7.0707e-02  -7.0707e-02  -7.0707e-02  -7.0707e-02  -7.0707e-02  -7.0707e-02  -7.0707e-02  -7.0707e-02  -7.0707e-02  -7.0707e-02  -7.0707e-02  -7.0707e-02  -7.0707e-02  -7.0707e-02  -7.0707e-02  -7.0707e-02  -7.0707e-02  -7.0707e-02  -7.0707e-02  -7.0707e-02  -7.0707e-02  -7.0707e-02  -7.0707e-02  -7.0707e-02  -7.0707e-02  -7.0707e-02  -7.0707e-02  -7.0707e-02  -7.0707e-02  -7.0707e-02  -7.0707e-02  -7.0707e-02  -7.0707e-02  -7.0707e-02  -7.0707e-02  -7.0707e-02  -7.0707e-02  -7.0707e-02  -7.0707e-02  -7.0707e-02  -7.0707e-02  -7.0707e-02  -7.2855e-04
   4.7652e-03   4.7652e-03   4.7652e-03   4.7652e-03   4.7652e-03   4.7652e-03   4.7652e-03   4.7652e-03   4.7652e-03   4.7652e-03   4.7652e-03   4.7652e-03   4.7652e-03   4.7652e-03   4.7652e-03   4.7652e-03   4.7652e-03   4.7652e-03   4.7652e-03   4.7652e-03   4.7652e-03   4.7652e-03   4.7652e-03   4.7652e-03   4.7652e-03   4.7652e-03   4.7652e-03   4.7652e-03   4.7652e-03   4.7652e-03   4.7652e-03   4.7652e-03   4.7652e-03   4.7652e-03   4.7652e-03   4.7652e-03   4.7652e-03   4.7652e-03   4.7652e-03   4.7652e-03   4.7652e-03   4.7652e-03   4.7652e-03   4.7652e-03   4.7652e-03   4.7652e-03   4.7652e-03   4.7652e-03  -7.2855e-04
   2.0746e-02   2.0746e-02   2.0746e-02   2.0746e-02   2.0746e-02   2.0746e-02   2.0746e-02   2.0746e-02   2.0746e-02   2.0746e-02   2.0746e-02   2.0746e-02   2.0746e-02   2.0746e-02   2.0746e-02   2.0746e-02   2.0746e-02   2.0746e-02   2.0746e-02   2.0746e-02   2.0746e-02   2.0746e-02   2.0746e-02   2.0746e-02   2.0746e-02   2.0746e-02   2.0746e-02   2.0746e-02   2.0746e-02   2.0746e-02   2.0746e-02   2.0746e-02   2.0746e-02   2.0746e-02   2.0746e-02   2.0746e-02   2.0746e-02   2.0746e-02   2.0746e-02   2.0746e-02   2.0746e-02   2.0746e-02   2.0746e-02   2.0746e-02   2.0746e-02   2.0746e-02   2.0746e-02   2.0746e-02  -7.2855e-04
   7.9489e-02   7.9489e-02   7.9489e-02   7.9489e-02   7.9489e-02   7.9489e-02   7.9489e-02   7.9489e-02   7.9489e-02   7.9489e-02   7.9489e-02   7.9489e-02   7.9489e-02   7.9489e-02   7.9489e-02   7.9489e-02   7.9489e-02   7.9489e-02   7.9489e-02   7.9489e-02   7.9489e-02   7.9489e-02   7.9489e-02   7.9489e-02   7.9489e-02   7.9489e-02   7.9489e-02   7.9489e-02   7.9489e-02   7.9489e-02   7.9489e-02   7.9489e-02   7.9489e-02   7.9489e-02   7.9489e-02   7.9489e-02   7.9489e-02   7.9489e-02   7.9489e-02   7.9489e-02   7.9489e-02   7.9489e-02   7.9489e-02   7.9489e-02   7.9489e-02   7.9489e-02   7.9489e-02   7.9489e-02  -7.2855e-04
   2.9186e-01   2.9186e-01   2.9186e-01   2.9186e-01   2.9186e-01   2.9186e-01   2.9186e-01   2.9186e-01   2.9186e-01   2.9186e-01   2.9186e-01   2.9186e-01   2.9186e-01   2.9186e-01   2.9186e-01   2.9186e-01   2.9186e-01   2.9186e-01   2.9186e-01   2.9186e-01   2.9186e-01   2.9186e-01   2.9186e-01   2.9186e-01   2.9186e-01   2.9186e-01   2.9186e-01   2.9186e-01   2.9186e-01   2.9186e-01   2.9186e-01   2.9186e-01   2.9186e-01   2.9186e-01   2.9186e-01   2.9186e-01   2.9186e-01   2.9186e-01   2.9186e-01   2.9186e-01   2.9186e-01   2.9186e-01   2.9186e-01   2.9186e-01   2.9186e-01   2.9186e-01   2.9186e-01   2.9186e-01  -7.2855e-04
   1.0469e+00   1.0469e+00   1.0469e+00   1.0469e+00   1.0469e+00   1.0469e+00   1.0469e+00   1.0469e+00   1.0469e+00   1.0469e+00   1.0469e+00   1.0469e+00   1.0469e+00   1.0469e+00   1.0469e+00   1.0469e+00   1.0469e+00   1.0469e+00   1.0469e+00   1.0469e+00   1.0469e+00   1.0469e+00   1.0469e+00   1.0469e+00   1.0469e+00   1.0469e+00   1.0469e+00   1.0469e+00   1.0469e+00   1.0469e+00   1.0469e+00   1.0469e+00   1.0469e+00   1.0469e+00   1.0469e+00   1.0469e+00   1.0469e+00   1.0469e+00   1.0469e+00   1.0469e+00   1.0469e+00   1.0469e+00   1.0469e+00   1.0469e+00   1.0469e+00   1.0469e+00   1.0469e+00   1.0469e+00  -7.2855e-04
   3.6866e+00   3.6866e+00   3.6866e+00   3.6866e+00   3.6866e+00   3.6866e+00   3.6866e+00   3.6866e+00   3.6866e+00   3.6866e+00   3.6866e+00   3.6866e+00   3.6866e+00   3.6866e+00   3.6866e+00   3.6866e+00   3.6866e+00   3.6866e+00   3.6866e+00   3.6866e+00   3.6866e+00   3.6866e+00   3.6866e+00   3.6866e+00   3.6866e+00   3.6866e+00   3.6866e+00   3.6866e+00   3.6866e+00   3.6866e+00   3.6866e+00   3.6866e+00   3.6866e+00   3.6866e+00   3.6866e+00   3.6866e+00   3.6866e+00   3.6866e+00   3.6866e+00   3.6866e+00   3.6866e+00   3.6866e+00   3.6866e+00   3.6866e+00   3.6866e+00   3.6866e+00   3.6866e+00   3.6866e+00  -7.2855e-04
   1.2762e+01   1.2762e+01   1.2762e+01   1.2762e+01   1.2762e+01   1.2762e+01   1.2762e+01   1.2762e+01   1.2762e+01   1.2762e+01   1.2762e+01   1.2762e+01   1.2762e+01   1.2762e+01   1.2762e+01   1.2762e+01   1.2762e+01   1.2762e+01   1.2762e+01   1.2762e+01   1.2762e+01   1.2762e+01   1.2762e+01   1.2762e+01   1.2762e+01   1.2762e+01   1.2762e+01   1.2762e+01   1.2762e+01   1.2762e+01   1.2762e+01   1.2762e+01   1.2762e+01   1.2762e+01   1.2762e+01   1.2762e+01   1.2762e+01   1.2762e+01   1.2762e+01   1.2762e+01   1.2762e+01   1.2762e+01   1.2762e+01   1.2762e+01   1.2762e+01   1.2762e+01   1.2762e+01   1.2762e+01  -7.2855e-04
   4.3445e+01   4.3445e+01   4.3445e+01   4.3445e+01   4.3445e+01   4.3445e+01   4.3445e+01   4.3445e+01   4.3445e+01   4.3445e+01   4.3445e+01   4.3445e+01   4.3445e+01   4.3445e+01   4.3445e+01   4.3445e+01   4.3445e+01   4.3445e+01   4.3445e+01   4.3445e+01   4.3445e+01   4.3445e+01   4.3445e+01   4.3445e+01   4.3445e+01   4.3445e+01   4.3445e+01   4.3445e+01   4.3445e+01   4.3445e+01   4.3445e+01   4.3445e+01   4.3445e+01   4.3445e+01   4.3445e+01   4.3445e+01   4.3445e+01   4.3445e+01   4.3445e+01   4.3445e+01   4.3445e+01   4.3445e+01   4.3445e+01   4.3445e+01   4.3445e+01   4.3445e+01   4.3445e+01   4.3445e+01  -7.2855e-04
   1.4544e+02   1.4544e+02   1.4544e+02   1.4544e+02   1.4544e+02   1.4544e+02   1.4544e+02   1.4544e+02   1.4544e+02   1.4544e+02   1.4544e+02   1.4544e+02   1.4544e+02   1.4544e+02   1.4544e+02   1.4544e+02   1.4544e+02   1.4544e+02   1.4544e+02   1.4544e+02   1.4544e+02   1.4544e+02   1.4544e+02   1.4544e+02   1.4544e+02   1.4544e+02   1.4544e+02   1.4544e+02   1.4544e+02   1.4544e+02   1.4544e+02   1.4544e+02   1.4544e+02   1.4544e+02   1.4544e+02   1.4544e+02   1.4544e+02   1.4544e+02   1.4544e+02   1.4544e+02   1.4544e+02   1.4544e+02   1.4544e+02   1.4544e+02   1.4544e+02   1.4544e+02   1.4544e+02   1.4544e+02  -7.2855e-04
   4.7883e+02   4.7883e+02   4.7883e+02   4.7883e+02   4.7883e+02   4.7883e+02   4.7883e+02   4.7883e+02   4.7883e+02   4.7883e+02   4.7883e+02   4.7883e+02   4.7883e+02   4.7883e+02   4.7883e+02   4.7883e+02   4.7883e+02   4.7883e+02   4.7883e+02   4.7883e+02   4.7883e+02   4.7883e+02   4.7883e+02   4.7883e+02   4.7883e+02   4.7883e+02   4.7883e+02   4.7883e+02   4.7883e+02   4.7883e+02   4.7883e+02   4.7883e+02   4.7883e+02   4.7883e+02   4.7883e+02   4.7883e+02   4.7883e+02   4.7883e+02   4.7883e+02   4.7883e+02   4.7883e+02   4.7883e+02   4.7883e+02   4.7883e+02   4.7883e+02   4.7883e+02   4.7883e+02   4.7883e+02  -7.2855e-04
   1.5502e+03   1.5502e+03   1.5502e+03   1.5502e+03   1.5502e+03   1.5502e+03   1.5502e+03   1.5502e+03   1.5502e+03   1.5502e+03   1.5502e+03   1.5502e+03   1.5502e+03   1.5502e+03   1.5502e+03   1.5502e+03   1.5502e+03   1.5502e+03   1.5502e+03   1.5502e+03   1.5502e+03   1.5502e+03   1.5502e+03   1.5502e+03   1.5502e+03   1.5502e+03   1.5502e+03   1.5502e+03   1.5502e+03   1.5502e+03   1.5502e+03   1.5502e+03   1.5502e+03   1.5502e+03   1.5502e+03   1.5502e+03   1.5502e+03   1.5502e+03   1.5502e+03   1.5502e+03   1.5502e+03   1.5502e+03   1.5502e+03   1.5502e+03   1.5502e+03   1.5502e+03   1.5502e+03   1.5502e+03  -7.2855e-04
   4.9349e+03   4.9349e+03   4.9349e+03   4.9349e+03   4.9349e+03   4.9349e+03   4.9349e+03   4.9349e+03   4.9349e+03   4.9349e+03   4.9349e+03   4.9349e+03   4.9349e+03   4.9349e+03   4.9349e+03   4.9349e+03   4.9349e+03   4.9349e+03   4.9349e+03   4.9349e+03   4.9349e+03   4.9349e+03   4.9349e+03   4.9349e+03   4.9349e+03   4.9349e+03   4.9349e+03   4.9349e+03   4.9349e+03   4.9349e+03   4.9349e+03   4.9349e+03   4.9349e+03   4.9349e+03   4.9349e+03   4.9349e+03   4.9349e+03   4.9349e+03   4.9349e+03   4.9349e+03   4.9349e+03   4.9349e+03   4.9349e+03   4.9349e+03   4.9349e+03   4.9349e+03   4.9349e+03   4.9349e+03  -7.2855e-04
   1.5445e+04   1.5445e+04   1.5445e+04   1.5445e+04   1.5445e+04   1.5445e+04   1.5445e+04   1.5445e+04   1.5445e+04   1.5445e+04   1.5445e+04   1.5445e+04   1.5445e+04   1.5445e+04   1.5445e+04   1.5445e+04   1.5445e+04   1.5445e+04   1.5445e+04   1.5445e+04   1.5445e+04   1.5445e+04   1.5445e+04   1.5445e+04   1.5445e+04   1.5445e+04   1.5445e+04   1.5445e+04   1.5445e+04   1.5445e+04   1.5445e+04   1.5445e+04   1.5445e+04   1.5445e+04   1.5445e+04   1.5445e+04   1.5445e+04   1.5445e+04   1.5445e+04   1.5445e+04   1.5445e+04   1.5445e+04   1.5445e+04   1.5445e+04   1.5445e+04   1.5445e+04   1.5445e+04   1.5445e+04  -7.2855e-04
   4.7503e+04   4.7503e+04   4.7503e+04   4.7503e+04   4.7503e+04   4.7503e+04   4.7503e+04   4.7503e+04   4.7503e+04   4.7503e+04   4.7503e+04   4.7503e+04   4.7503e+04   4.7503e+04   4.7503e+04   4.7503e+04   4.7503e+04   4.7503e+04   4.7503e+04   4.7503e+04   4.7503e+04   4.7503e+04   4.7503e+04   4.7503e+04   4.7503e+04   4.7503e+04   4.7503e+04   4.7503e+04   4.7503e+04   4.7503e+04   4.7503e+04   4.7503e+04   4.7503e+04   4.7503e+04   4.7503e+04   4.7503e+04   4.7503e+04   4.7503e+04   4.7503e+04   4.7503e+04   4.7503e+04   4.7503e+04   4.7503e+04   4.7503e+04   4.7503e+04   4.7503e+04   4.7503e+04   4.7503e+04  -7.2855e-04
   1.4344e+05   1.4344e+05   1.4344e+05   1.4344e+05   1.4344e+05   1.4344e+05   1.4344e+05   1.4344e+05   1.4344e+05   1.4344e+05   1.4344e+05   1.4344e+05   1.4344e+05   1.4344e+05   1.4344e+05   1.4344e+05   1.4344e+05   1.4344e+05   1.4344e+05   1.4344e+05   1.4344e+05   1.4344e+05   1.4344e+05   1.4344e+05   1.4344e+05   1.4344e+05   1.4344e+05   1.4344e+05   1.4344e+05   1.4344e+05   1.4344e+05   1.4344e+05   1.4344e+05   1.4344e+05   1.4344e+05   1.4344e+05   1.4344e+05   1.4344e+05   1.4344e+05   1.4344e+05   1.4344e+05   1.4344e+05   1.4344e+05   1.4344e+05   1.4344e+05   1.4344e+05   1.4344e+05   1.4344e+05  -7.2855e-04
   4.2403e+05   4.2403e+05   4.2403e+05   4.2403e+05   4.2403e+05   4.2403e+05   4.2403e+05   4.2403e+05   4.2403e+05   4.2403e+05   4.2403e+05   4.2403e+05   4.2403e+05   4.2403e+05   4.2403e+05   4.2403e+05   4.2403e+05   4.2403e+05   4.2403e+05   4.2403e+05   4.2403e+05   4.2403e+05   4.2403e+05   4.2403e+05   4.2403e+05   4.2403e+05   4.2403e+05   4.2403e+05   4.2403e+05   4.2403e+05   4.2403e+05   4.2403e+05   4.2403e+05   4.2403e+05   4.2403e+05   4.2403e+05   4.2403e+05   4.2403e+05   4.2403e+05   4.2403e+05   4.2403e+05   4.2403e+05   4.2403e+05   4.2403e+05   4.2403e+05   4.2403e+05   4.2403e+05   4.2403e+05  -7.2855e-04
   1.2175e+06   1.2175e+06   1.2175e+06   1.2175e+06   1.2175e+06   1.2175e+06   1.2175e+06   1.2175e+06   1.2175e+06   1.2175e+06   1.2175e+06   1.2175e+06   1.2175e+06   1.2175e+06   1.2175e+06   1.2175e+06   1.2175e+06   1.2175e+06   1.2175e+06   1.2175e+06   1.2175e+06   1.2175e+06   1.2175e+06   1.2175e+06   1.2175e+06   1.2175e+06   1.2175e+06   1.2175e+06   1.2175e+06   1.2175e+06   1.2175e+06   1.2175e+06   1.2175e+06   1.2175e+06   1.2175e+06   1.2175e+06   1.2175e+06   1.2175e+06   1.2175e+06   1.2175e+06   1.2175e+06   1.2175e+06   1.2175e+06   1.2175e+06   1.2175e+06   1.2175e+06   1.2175e+06   1.2175e+06  -7.2855e-04
   3.3270e+06   3.3270e+06   3.3270e+06   3.3270e+06   3.3270e+06   3.3270e+06   3.3270e+06   3.3270e+06   3.3270e+06   3.3270e+06   3.3270e+06   3.3270e+06   3.3270e+06   3.3270e+06   3.3270e+06   3.3270e+06   3.3270e+06   3.3270e+06   3.3270e+06   3.3270e+06   3.3270e+06   3.3270e+06   3.3270e+06   3.3270e+06   3.3270e+06   3.3270e+06   3.3270e+06   3.3270e+06   3.3270e+06   3.3270e+06   3.3270e+06   3.3270e+06   3.3270e+06   3.3270e+06   3.3270e+06   3.3270e+06   3.3270e+06   3.3270e+06   3.3270e+06   3.3270e+06   3.3270e+06   3.3270e+06   3.3270e+06   3.3270e+06   3.3270e+06   3.3270e+06   3.3270e+06   3.3270e+06  -7.2855e-04
   8.2561e+06   8.2561e+06   8.2561e+06   8.2561e+06   8.2561e+06   8.2561e+06   8.2561e+06   8.2561e+06   8.2561e+06   8.2561e+06   8.2561e+06   8.2561e+06   8.2561e+06   8.2561e+06   8.2561e+06   8.2561e+06   8.2561e+06   8.2561e+06   8.2561e+06   8.2561e+06   8.2561e+06   8.2561e+06   8.2561e+06   8.2561e+06   8.2561e+06   8.2561e+06   8.2561e+06   8.2561e+06   8.2561e+06   8.2561e+06   8.2561e+06   8.2561e+06   8.2561e+06   8.2561e+06   8.2561e+06   8.2561e+06   8.2561e+06   8.2561e+06   8.2561e+06   8.2561e+06   8.2561e+06   8.2561e+06   8.2561e+06   8.2561e+06   8.2561e+06   8.2561e+06   8.2561e+06   8.2561e+06  -7.2855e-04
   1.7173e+07   1.7173e+07   1.7173e+07   1.7173e+07   1.7173e+07   1.7173e+07   1.7173e+07   1.7173e+07   1.7173e+07   1.7173e+07   1.7173e+07   1.7173e+07   1.7173e+07   1.7173e+07   1.7173e+07   1.7173e+07   1.7173e+07   1.7173e+07   1.7173e+07   1.7173e+07   1.7173e+07   1.7173e+07   1.7173e+07   1.7173e+07   1.7173e+07   1.7173e+07   1.7173e+07   1.7173e+07   1.7173e+07   1.7173e+07   1.7173e+07   1.7173e+07   1.7173e+07   1.7173e+07   1.7173e+07   1.7173e+07   1.7173e+07   1.7173e+07   1.7173e+07   1.7173e+07   1.7173e+07   1.7173e+07   1.7173e+07   1.7173e+07   1.7173e+07   1.7173e+07   1.7173e+07   1.7173e+07  -7.2855e-04
   2.7922e+07   2.7922e+07   2.7922e+07   2.7922e+07   2.7922e+07   2.7922e+07   2.7922e+07   2.7922e+07   2.7922e+07   2.7922e+07   2.7922e+07   2.7922e+07   2.7922e+07   2.7922e+07   2.7922e+07   2.7922e+07   2.7922e+07   2.7922e+07   2.7922e+07   2.7922e+07   2.7922e+07   2.7922e+07   2.7922e+07   2.7922e+07   2.7922e+07   2.7922e+07   2.7922e+07   2.7922e+07   2.7922e+07   2.7922e+07   2.7922e+07   2.7922e+07   2.7922e+07   2.7922e+07   2.7922e+07   2.7922e+07   2.7922e+07   2.7922e+07   2.7922e+07   2.7922e+07   2.7922e+07   2.7922e+07   2.7922e+07   2.7922e+07   2.7922e+07   2.7922e+07   2.7922e+07   2.7922e+07  -7.2855e-04
   3.6119e+07   3.6119e+07   3.6119e+07   3.6119e+07   3.6119e+07   3.6119e+07   3.6119e+07   3.6119e+07   3.6119e+07   3.6119e+07   3.6119e+07   3.6119e+07   3.6119e+07   3.6119e+07   3.6119e+07   3.6119e+07   3.6119e+07   3.6119e+07   3.6119e+07   3.6119e+07   3.6119e+07   3.6119e+07   3.6119e+07   3.6119e+07   3.6119e+07   3.6119e+07   3.6119e+07   3.6119e+07   3.6119e+07   3.6119e+07   3.6119e+07   3.6119e+07   3.6119e+07   3.6119e+07   3.6119e+07   3.6119e+07   3.6119e+07   3.6119e+07   3.6119e+07   3.6119e+07   3.6119e+07   3.6119e+07   3.6119e+07   3.6119e+07   3.6119e+07   3.6119e+07   3.6119e+07   3.6119e+07  -7.2855e-04
   4.0505e+07   4.0505e+07   4.0505e+07   4.0505e+07   4.0505e+07   4.0505e+07   4.0505e+07   4.0505e+07   4.0505e+07   4.0505e+07   4.0505e+07   4.0505e+07   4.0505e+07   4.0505e+07   4.0505e+07   4.0505e+07   4.0505e+07   4.0505e+07   4.0505e+07   4.0505e+07   4.0505e+07   4.0505e+07   4.0505e+07   4.0505e+07   4.0505e+07   4.0505e+07   4.0505e+07   4.0505e+07   4.0505e+07   4.0505e+07   4.0505e+07   4.0505e+07   4.0505e+07   4.0505e+07   4.0505e+07   4.0505e+07   4.0505e+07   4.0505e+07   4.0505e+07   4.0505e+07   4.0505e+07   4.0505e+07   4.0505e+07   4.0505e+07   4.0505e+07   4.0505e+07   4.0505e+07   4.0505e+07  -7.2855e-04
   4.2439e+07   4.2439e+07   4.2439e+07   4.2439e+07   4.2439e+07   4.2439e+07   4.2439e+07   4.2439e+07   4.2439e+07   4.2439e+07   4.2439e+07   4.2439e+07   4.2439e+07   4.2439e+07   4.2439e+07   4.2439e+07   4.2439e+07   4.2439e+07   4.2439e+07   4.2439e+07   4.2439e+07   4.2439e+07   4.2439e+07   4.2439e+07   4.2439e+07   4.2439e+07   4.2439e+07   4.2439e+07   4.2439e+07   4.2439e+07   4.2439e+07   4.2439e+07   4.2439e+07   4.2439e+07   4.2439e+07   4.2439e+07   4.2439e+07   4.2439e+07   4.2439e+07   4.2439e+07   4.2439e+07   4.2439e+07   4.2439e+07   4.2439e+07   4.2439e+07   4.2439e+07   4.2439e+07   4.2439e+07  -7.2855e-04
   4.3227e+07   4.3227e+07   4.3227e+07   4.3227e+07   4.3227e+07   4.3227e+07   4.3227e+07   4.3227e+07   4.3227e+07   4.3227e+07   4.3227e+07   4.3227e+07   4.3227e+07   4.3227e+07   4.3227e+07   4.3227e+07   4.3227e+07   4.3227e+07   4.3227e+07   4.3227e+07   4.3227e+07   4.3227e+07   4.3227e+07   4.3227e+07   4.3227e+07   4.3227e+07   4.3227e+07   4.3227e+07   4.3227e+07   4.3227e+07   4.3227e+07   4.3227e+07   4.3227e+07   4.3227e+07   4.3227e+07   4.3227e+07   4.3227e+07   4.3227e+07   4.3227e+07   4.3227e+07   4.3227e+07   4.3227e+07   4.3227e+07   4.3227e+07   4.3227e+07   4.3227e+07   4.3227e+07   4.3227e+07  -7.2855e-04
   4.3540e+07   4.3540e+07   4.3540e+07   4.3540e+07   4.3540e+07   4.3540e+07   4.3540e+07   4.3540e+07   4.3540e+07   4.3540e+07   4.3540e+07   4.3540e+07   4.3540e+07   4.3540e+07   4.3540e+07   4.3540e+07   4.3540e+07   4.3540e+07   4.3540e+07   4.3540e+07   4.3540e+07   4.3540e+07   4.3540e+07   4.3540e+07   4.3540e+07   4.3540e+07   4.3540e+07   4.3540e+07   4.3540e+07   4.3540e+07   4.3540e+07   4.3540e+07   4.3540e+07   4.3540e+07   4.3540e+07   4.3540e+07   4.3540e+07   4.3540e+07   4.3540e+07   4.3540e+07   4.3540e+07   4.3540e+07   4.3540e+07   4.3540e+07   4.3540e+07   4.3540e+07   4.3540e+07   4.3540e+07  -7.2855e-04
   4.3666e+07   4.3666e+07   4.3666e+07   4.3666e+07   4.3666e+07   4.3666e+07   4.3666e+07   4.3666e+07   4.3666e+07   4.3666e+07   4.3666e+07   4.3666e+07   4.3666e+07   4.3666e+07   4.3666e+07   4.3666e+07   4.3666e+07   4.3666e+07   4.3666e+07   4.3666e+07   4.3666e+07   4.3666e+07   4.3666e+07   4.3666e+07   4.3666e+07   4.3666e+07   4.3666e+07   4.3666e+07   4.3666e+07   4.3666e+07   4.3666e+07   4.3666e+07   4.3666e+07   4.3666e+07   4.3666e+07   4.3666e+07   4.3666e+07   4.3666e+07   4.3666e+07   4.3666e+07   4.3666e+07   4.3666e+07   4.3666e+07   4.3666e+07   4.3666e+07   4.3666e+07   4.3666e+07   4.3666e+07  -7.2855e-04
   4.3716e+07   4.3716e+07   4.3716e+07   4.3716e+07   4.3716e+07   4.3716e+07   4.3716e+07   4.3716e+07   4.3716e+07   4.3716e+07   4.3716e+07   4.3716e+07   4.3716e+07   4.3716e+07   4.3716e+07   4.3716e+07   4.3716e+07   4.3716e+07   4.3716e+07   4.3716e+07   4.3716e+07   4.3716e+07   4.3716e+07   4.3716e+07   4.3716e+07   4.3716e+07   4.3716e+07   4.3716e+07   4.3716e+07   4.3716e+07   4.3716e+07   4.3716e+07   4.3716e+07   4.3716e+07   4.3716e+07   4.3716e+07   4.3716e+07   4.3716e+07   4.3716e+07   4.3716e+07   4.3716e+07   4.3716e+07   4.3716e+07   4.3716e+07   4.3716e+07   4.3716e+07   4.3716e+07   4.3716e+07  -7.2855e-04
   4.3737e+07   4.3737e+07   4.3737e+07   4.3737e+07   4.3737e+07   4.3737e+07   4.3737e+07   4.3737e+07   4.3737e+07   4.3737e+07   4.3737e+07   4.3737e+07   4.3737e+07   4.3737e+07   4.3737e+07   4.3737e+07   4.3737e+07   4.3737e+07   4.3737e+07   4.3737e+07   4.3737e+07   4.3737e+07   4.3737e+07   4.3737e+07   4.3737e+07   4.3737e+07   4.3737e+07   4.3737e+07   4.3737e+07   4.3737e+07   4.3737e+07   4.3737e+07   4.3737e+07   4.3737e+07   4.3737e+07   4.3737e+07   4.3737e+07   4.3737e+07   4.3737e+07   4.3737e+07   4.3737e+07   4.3737e+07   4.3737e+07   4.3737e+07   4.3737e+07   4.3737e+07   4.3737e+07   4.3737e+07  -7.2855e-04
   4.3746e+07   4.3746e+07   4.3746e+07   4.3746e+07   4.3746e+07   4.3746e+07   4.3746e+07   4.3746e+07   4.3746e+07   4.3746e+07   4.3746e+07   4.3746e+07   4.3746e+07   4.3746e+07   4.3746e+07   4.3746e+07   4.3746e+07   4.3746e+07   4.3746e+07   4.3746e+07   4.3746e+07   4.3746e+07   4.3746e+07   4.3746e+07   4.3746e+07   4.3746e+07   4.3746e+07   4.3746e+07   4.3746e+07   4.3746e+07   4.3746e+07   4.3746e+07   4.3746e+07   4.3746e+07   4.3746e+07   4.3746e+07   4.3746e+07   4.3746e+07   4.3746e+07   4.3746e+07   4.3746e+07   4.3746e+07   4.3746e+07   4.3746e+07   4.3746e+07   4.3746e+07   4.3746e+07   4.3746e+07  -7.2855e-04
   4.3749e+07   4.3749e+07   4.3749e+07   4.3749e+07   4.3749e+07   4.3749e+07   4.3749e+07   4.3749e+07   4.3749e+07   4.3749e+07   4.3749e+07   4.3749e+07   4.3749e+07   4.3749e+07   4.3749e+07   4.3749e+07   4.3749e+07   4.3749e+07   4.3749e+07   4.3749e+07   4.3749e+07   4.3749e+07   4.3749e+07   4.3749e+07   4.3749e+07   4.3749e+07   4.3749e+07   4.3749e+07   4.3749e+07   4.3749e+07   4.3749e+07   4.3749e+07   4.3749e+07   4.3749e+07   4.3749e+07   4.3749e+07   4.3749e+07   4.3749e+07   4.3749e+07   4.3749e+07   4.3749e+07   4.3749e+07   4.3749e+07   4.3749e+07   4.3749e+07   4.3749e+07   4.3749e+07   4.3749e+07  -7.2855e-04
   4.3751e+07   4.3751e+07   4.3751e+07   4.3751e+07   4.3751e+07   4.3751e+07   4.3751e+07   4.3751e+07   4.3751e+07   4.3751e+07   4.3751e+07   4.3751e+07   4.3751e+07   4.3751e+07   4.3751e+07   4.3751e+07   4.3751e+07   4.3751e+07   4.3751e+07   4.3751e+07   4.3751e+07   4.3751e+07   4.3751e+07   4.3751e+07   4.3751e+07   4.3751e+07   4.3751e+07   4.3751e+07   4.3751e+07   4.3751e+07   4.3751e+07   4.3751e+07   4.3751e+07   4.3751e+07   4.3751e+07   4.3751e+07   4.3751e+07   4.3751e+07   4.3751e+07   4.3751e+07   4.3751e+07   4.3751e+07   4.3751e+07   4.3751e+07   4.3751e+07   4.3751e+07   4.3751e+07   4.3751e+07  -7.2855e-04
   4.3752e+07   4.3752e+07   4.3752e+07   4.3752e+07   4.3752e+07   4.3752e+07   4.3752e+07   4.3752e+07   4.3752e+07   4.3752e+07   4.3752e+07   4.3752e+07   4.3752e+07   4.3752e+07   4.3752e+07   4.3752e+07   4.3752e+07   4.3752e+07   4.3752e+07   4.3752e+07   4.3752e+07   4.3752e+07   4.3752e+07   4.3752e+07   4.3752e+07   4.3752e+07   4.3752e+07   4.3752e+07   4.3752e+07   4.3752e+07   4.3752e+07   4.3752e+07   4.3752e+07   4.3752e+07   4.3752e+07   4.3752e+07   4.3752e+07   4.3752e+07   4.3752e+07   4.3752e+07   4.3752e+07   4.3752e+07   4.3752e+07   4.3752e+07   4.3752e+07   4.3752e+07   4.3752e+07   4.3752e+07  -7.2855e-04
   4.3752e+07   4.3752e+07   4.3752e+07   4.3752e+07   4.3752e+07   4.3752e+07   4.3752e+07   4.3752e+07   4.3752e+07   4.3752e+07   4.3752e+07   4.3752e+07   4.3752e+07   4.3752e+07   4.3752e+07   4.3752e+07   4.3752e+07   4.3752e+07   4.3752e+07   4.3752e+07   4.3752e+07   4.3752e+07   4.3752e+07   4.3752e+07   4.3752e+07   4.3752e+07   4.3752e+07   4.3752e+07   4.3752e+07   4.3752e+07   4.3752e+07   4.3752e+07   4.3752e+07   4.3752e+07   4.3752e+07   4.3752e+07   4.3752e+07   4.3752e+07   4.3752e+07   4.3752e+07   4.3752e+07   4.3752e+07   4.3752e+07   4.3752e+07   4.3752e+07   4.3752e+07   4.3752e+07   4.3752e+07  -7.2855e-04
   4.3752e+07   4.3752e+07   4.3752e+07   4.3752e+07   4.3752e+07   4.3752e+07   4.3752e+07   4.3752e+07   4.3752e+07   4.3752e+07   4.3752e+07   4.3752e+07   4.3752e+07   4.3752e+07   4.3752e+07   4.3752e+07   4.3752e+07   4.3752e+07   4.3752e+07   4.3752e+07   4.3752e+07   4.3752e+07   4.3752e+07   4.3752e+07   4.3752e+07   4.3752e+07   4.3752e+07   4.3752e+07   4.3752e+07   4.3752e+07   4.3752e+07   4.3752e+07   4.3752e+07   4.3752e+07   4.3752e+07   4.3752e+07   4.3752e+07   4.3752e+07   4.3752e+07   4.3752e+07   4.3752e+07   4.3752e+07   4.3752e+07   4.3752e+07   4.3752e+07   4.3752e+07   4.3752e+07   4.3752e+07  -7.2855e-04
   4.3752e+07   4.3752e+07   4.3752e+07   4.3752e+07   4.3752e+07   4.3752e+07   4.3752e+07   4.3752e+07   4.3752e+07   4.3752e+07   4.3752e+07   4.3752e+07   4.3752e+07   4.3752e+07   4.3752e+07   4.3752e+07   4.3752e+07   4.3752e+07   4.3752e+07   4.3752e+07   4.3752e+07   4.3752e+07   4.3752e+07   4.3752e+07   4.3752e+07   4.3752e+07   4.3752e+07   4.3752e+07   4.3752e+07   4.3752e+07   4.3752e+07   4.3752e+07   4.3752e+07   4.3752e+07   4.3752e+07   4.3752e+07   4.3752e+07   4.3752e+07   4.3752e+07   4.3752e+07   4.3752e+07   4.3752e+07   4.3752e+07   4.3752e+07   4.3752e+07   4.3752e+07   4.3752e+07   4.3752e+07  -7.2855e-04
   4.3752e+07   4.3752e+07   4.3752e+07   4.3752e+07   4.3752e+07   4.3752e+07   4.3752e+07   4.3752e+07   4.3752e+07   4.3752e+07   4.3752e+07   4.3752e+07   4.3752e+07   4.3752e+07   4.3752e+07   4.3752e+07   4.3752e+07   4.3752e+07   4.3752e+07   4.3752e+07   4.3752e+07   4.3752e+07   4.3752e+07   4.3752e+07   4.3752e+07   4.3752e+07   4.3752e+07   4.3752e+07   4.3752e+07   4.3752e+07   4.3752e+07   4.3752e+07   4.3752e+07   4.3752e+07   4.3752e+07   4.3752e+07   4.3752e+07   4.3752e+07   4.3752e+07   4.3752e+07   4.3752e+07   4.3752e+07   4.3752e+07   4.3752e+07   4.3752e+07   4.3752e+07   4.3752e+07   4.3752e+07  -7.2855e-04
   4.3752e+07   4.3752e+07   4.3752e+07   4.3752e+07   4.3752e+07   4.3752e+07   4.3752e+07   4.3752e+07   4.3752e+07   4.3752e+07   4.3752e+07   4.3752e+07   4.3752e+07   4.3752e+07   4.3752e+07   4.3752e+07   4.3752e+07   4.3752e+07   4.3752e+07   4.3752e+07   4.3752e+07   4.3752e+07   4.3752e+07   4.3752e+07   4.3752e+07   4.3752e+07   4.3752e+07   4.3752e+07   4.3752e+07   4.3752e+07   4.3752e+07   4.3752e+07   4.3752e+07   4.3752e+07   4.3752e+07   4.3752e+07   4.3752e+07   4.3752e+07   4.3752e+07   4.3752e+07   4.3752e+07   4.3752e+07   4.3752e+07   4.3752e+07   4.3752e+07   4.3752e+07   4.3752e+07   4.3752e+07  -7.2855e-04
   4.3752e+07   4.3752e+07   4.3752e+07   4.3752e+07   4.3752e+07   4.3752e+07   4.3752e+07   4.3752e+07   4.3752e+07   4.3752e+07   4.3752e+07   4.3752e+07   4.3752e+07   4.3752e+07   4.3752e+07   4.3752e+07   4.3752e+07   4.3752e+07   4.3752e+07   4.3752e+07   4.3752e+07   4.3752e+07   4.3752e+07   4.3752e+07   4.3752e+07   4.3752e+07   4.3752e+07   4.3752e+07   4.3752e+07   4.3752e+07   4.3752e+07   4.3752e+07   4.3752e+07   4.3752e+07   4.3752e+07   4.3752e+07   4.3752e+07   4.3752e+07   4.3752e+07   4.3752e+07   4.3752e+07   4.3752e+07   4.3752e+07   4.3752e+07   4.3752e+07   4.3752e+07   4.3752e+07   4.3752e+07  -7.2855e-04
   4.3752e+07   4.3752e+07   4.3752e+07   4.3752e+07   4.3752e+07   4.3752e+07   4.3752e+07   4.3752e+07   4.3752e+07   4.3752e+07   4.3752e+07   4.3752e+07   4.3752e+07   4.3752e+07   4.3752e+07   4.3752e+07   4.3752e+07   4.3752e+07   4.3752e+07   4.3752e+07   4.3752e+07   4.3752e+07   4.3752e+07   4.3752e+07   4.3752e+07   4.3752e+07   4.3752e+07   4.3752e+07   4.3752e+07   4.3752e+07   4.3752e+07   4.3752e+07   4.3752e+07   4.3752e+07   4.3752e+07   4.3752e+07   4.3752e+07   4.3752e+07   4.3752e+07   4.3752e+07   4.3752e+07   4.3752e+07   4.3752e+07   4.3752e+07   4.3752e+07   4.3752e+07   4.3752e+07   4.3752e+07  -7.2855e-04
   4.3752e+07   4.3752e+07   4.3752e+07   4.3752e+07   4.3752e+07   4.3752e+07   4.3752e+07   4.3752e+07   4.3752e+07   4.3752e+07   4.3752e+07   4.3752e+07   4.3752e+07   4.3752e+07   4.3752e+07   4.3752e+07   4.3752e+07   4.3752e+07   4.3752e+07   4.3752e+07   4.3752e+07   4.3752e+07   4.3752e+07   4.3752e+07   4.3752e+07   4.3752e+07   4.3752e+07   4.3752e+07   4.3752e+07   4.3752e+07   4.3752e+07   4.3752e+07   4.3752e+07   4.3752e+07   4.3752e+07   4.3752e+07   4.3752e+07   4.3752e+07   4.3752e+07   4.3752e+07   4.3752e+07   4.3752e+07   4.3752e+07   4.3752e+07   4.3752e+07   4.3752e+07   4.3752e+07   4.3752e+07  -7.2855e-04
   4.3752e+07   4.3752e+07   4.3752e+07   4.3752e+07   4.3752e+07   4.3752e+07   4.3752e+07   4.3752e+07   4.3752e+07   4.3752e+07   4.3752e+07   4.3752e+07   4.3752e+07   4.3752e+07   4.3752e+07   4.3752e+07   4.3752e+07   4.3752e+07   4.3752e+07   4.3752e+07   4.3752e+07   4.3752e+07   4.3752e+07   4.3752e+07   4.3752e+07   4.3752e+07   4.3752e+07   4.3752e+07   4.3752e+07   4.3752e+07   4.3752e+07   4.3752e+07   4.3752e+07   4.3752e+07   4.3752e+07   4.3752e+07   4.3752e+07   4.3752e+07   4.3752e+07   4.3752e+07   4.3752e+07   4.3752e+07   4.3752e+07   4.3752e+07   4.3752e+07   4.3752e+07   4.3752e+07   4.3752e+07  -7.2855e-04
   4.3752e+07   4.3752e+07   4.3752e+07   4.3752e+07   4.3752e+07   4.3752e+07   4.3752e+07   4.3752e+07   4.3752e+07   4.3752e+07   4.3752e+07   4.3752e+07   4.3752e+07   4.3752e+07   4.3752e+07   4.3752e+07   4.3752e+07   4.3752e+07   4.3752e+07   4.3752e+07   4.3752e+07   4.3752e+07   4.3752e+07   4.3752e+07   4.3752e+07   4.3752e+07   4.3752e+07   4.3752e+07   4.3752e+07   4.3752e+07   4.3752e+07   4.3752e+07   4.3752e+07   4.3752e+07   4.3752e+07   4.3752e+07   4.3752e+07   4.3752e+07   4.3752e+07   4.3752e+07   4.3752e+07   4.3752e+07   4.3752e+07   4.3752e+07   4.3752e+07   4.3752e+07   4.3752e+07   4.3752e+07  -7.2855e-04
   4.3752e+07   4.3752e+07   4.3752e+07   4.3752e+07   4.3752e+07   4.3752e+07   4.3752e+07   4.3752e+07   4.3752e+07   4.3752e+07   4.3752e+07   4.3752e+07   4.3752e+07   4.3752e+07   4.3752e+07   4.3752e+07   4.3752e+07   4.3752e+07   4.3752e+07   4.3752e+07   4.3752e+07   4.3752e+07   4.3752e+07   4.3752e+07   4.3752e+07   4.3752e+07   4.3752e+07   4.3752e+07   4.3752e+07   4.3752e+07   4.3752e+07   4.3752e+07   4.3752e+07   4.3752e+07   4.3752e+07   4.3752e+07   4.3752e+07   4.3752e+07   4.3752e+07   4.3752e+07   4.3752e+07   4.3752e+07   4.3752e+07   4.3752e+07   4.3752e+07   4.3752e+07   4.3752e+07   4.3752e+07  -7.2855e-04
   4.3752e+07   4.3752e+07   4.3752e+07   4.3752e+07   4.3752e+07   4.3752e+07   4.3752e+07   4.3752e+07   4.3752e+07   4.3752e+07   4.3752e+07   4.3752e+07   4.3752e+07   4.3752e+07   4.3752e+07   4.3752e+07   4.3752e+07   4.3752e+07   4.3752e+07   4.3752e+07   4.3752e+07   4.3752e+07   4.3752e+07   4.3752e+07   4.3752e+07   4.3752e+07   4.3752e+07   4.3752e+07   4.3752e+07   4.3752e+07   4.3752e+07   4.3752e+07   4.3752e+07   4.3752e+07   4.3752e+07   4.3752e+07   4.3752e+07   4.3752e+07   4.3752e+07   4.3752e+07   4.3752e+07   4.3752e+07   4.3752e+07   4.3752e+07   4.3752e+07   4.3752e+07   4.3752e+07   4.3752e+07  -7.2855e-04
   4.3752e+07   4.3752e+07   4.3752e+07   4.3752e+07   4.3752e+07   4.3752e+07   4.3752e+07   4.3752e+07   4.3752e+07   4.3752e+07   4.3752e+07   4.3752e+07   4.3752e+07   4.3752e+07   4.3752e+07   4.3752e+07   4.3752e+07   4.3752e+07   4.3752e+07   4.3752e+07   4.3752e+07   4.3752e+07   4.3752e+07   4.3752e+07   4.3752e+07   4.3752e+07   4.3752e+07   4.3752e+07   4.3752e+07   4.3752e+07   4.3752e+07   4.3752e+07   4.3752e+07   4.3752e+07   4.3752e+07   4.3752e+07   4.3752e+07   4.3752e+07   4.3752e+07   4.3752e+07   4.3752e+07   4.3752e+07   4.3752e+07   4.3752e+07   4.3752e+07   4.3752e+07   4.3752e+07   4.3752e+07  -7.2855e-04
   4.3752e+07   4.3752e+07   4.3752e+07   4.3752e+07   4.3752e+07   4.3752e+07   4.3752e+07   4.3752e+07   4.3752e+07   4.3752e+07   4.3752e+07   4.3752e+07   4.3752e+07   4.3752e+07   4.3752e+07   4.3752e+07   4.3752e+07   4.3752e+07   4.3752e+07   4.3752e+07   4.3752e+07   4.3752e+07   4.3752e+07   4.3752e+07   4.3752e+07   4.3752e+07   4.3752e+07   4.3752e+07   4.3752e+07   4.3752e+07   4.3752e+07   4.3752e+07   4.3752e+07   4.3752e+07   4.3752e+07   4.3752e+07   4.3752e+07   4.3752e+07   4.3752e+07   4.3752e+07   4.3752e+07   4.3752e+07   4.3752e+07   4.3752e+07   4.3752e+07   4.3752e+07   4.3752e+07   4.3752e+07  -7.2855e-04
  -7.2855e-04  -7.2855e-04  -7.2855e-04  -7.2855e-04  -7.2855e-04  -7.2855e-04  -7.2855e-04  -7.2855e-04  -7.2855e-04  -7.2855e-04  -7.2855e-04  -7.2855e-04  -7.2855e-04  -7.2855e-04  -7.2855e-04  -7.2855e-04  -7.2855e-04  -7.2855e-04  -7.2855e-04  -7.2855e-04  -7.2855e-04  -7.2855e-04  -7.2855e-04  -7.2855e-04  -7.2855e-04  -7.2855e-04  -7.2855e-04  -7.2855e-04  -7.2855e-04  -7.2855e-04  -7.2855e-04  -7.2855e-04  -7.2855e-04  -7.2855e-04  -7.2855e-04  -7.2855e-04  -7.2855e-04  -7.2855e-04  -7.2855e-04  -7.2855e-04  -7.2855e-04  -7.2855e-04  -7.2855e-04  -7.2855e-04  -7.2855e-04  -7.2855e-04  -7.2855e-04  -7.2855e-04   5.8284e-03


T= 5000
  -1.1465e-01  -1.1465e-01  -1.1465e-01  -1.1465e-01  -1.1465e-01  -1.1465e-01  -1.1465e-01  -1.1465e-01  -1.1465e-01  -1.1465e-01  -1.1465e-01  -1.1465e-01  -1.1465e-01  -1.1465e-01  -1.1465e-01  -1.1465e-01  -1.1465e-01  -1.1465e-01  -1.1465e-01  -1.1465e-01  -1.1465e-01  -1.1465e-01  -1.1465e-01  -1.1465e-01  -1.1465e-01  -1.1465e-01  -1.1465e-01  -1.1465e-01  -1.1465e-01  -1.1465e-01  -1.1465e-01  -1.1465e-01  -1.1465e-01  -1.1465e-01  -1.1465e-01  -1.1465e-01  -1.1465e-01  -1.1465e-01  -1.1465e-01  -1.1465e-01  -1.1465e-01  -1.1465e-01  -1.1465e-01  -1.1465e-01  -1.1465e-01  -1.1465e-01  -1.1465e-01  -1.1465e-01  -1.2069e-03
   7.7302e-03   7.7302e-03   7.7302e-03   7.7302e-03   7.7302e-03   7.7302e-03   7.7302e-03   7.7302e-03   7.7302e-03   7.7302e-03   7.7302e-03   7.7302e-03   7.7302e-03   7.7302e-03   7.7302e-03   7.7302e-03   7.7302e-03   7.7302e-03   7.7302e-03   7.7302e-03   7.7302e-03   7.7302e-03   7.7302e-03   7.7302e-03   7.7302e-03   7.7302e-03   7.7302e-03   7.7302e-03   7.7302e-03   7.7302e-03   7.7302e-03   7.7302e-03   7.7302e-03   7.7302e-03   7.7302e-03   7.7302e-03   7.7302e-03   7.7302e-03   7.7302e-03   7.7302e-03   7.7302e-03   7.7302e-03   7.7302e-03   7.7302e-03   7.7302e-03   7.7302e-03   7.7302e-03   7.7302e-03  -1.2069e-03
   3.3643e-02   3.3643e-02   3.3643e-02   3.3643e-02   3.3643e-02   3.3643e-02   3.3643e-02   3.3643e-02   3.3643e-02   3.3643e-02   3.3643e-02   3.3643e-02   3.3643e-02   3.3643e-02   3.3643e-02   3.3643e-02   3.3643e-02   3.3643e-02   3.3643e-02   3.3643e-02   3.3643e-02   3.3643e-02   3.3643e-02   3.3643e-02   3.3643e-02   3.3643e-02   3.3643e-02   3.3643e-02   3.3643e-02   3.3643e-02   3.3643e-02   3.3643e-02   3.3643e-02   3.3643e-02   3.3643e-02   3.3643e-02   3.3643e-02   3.3643e-02   3.3643e-02   3.3643e-02   3.3643e-02   3.3643e-02   3.3643e-02   3.3643e-02   3.3643e-02   3.3643e-02   3.3643e-02   3.3643e-02  -1.2069e-03
   1.2890e-01   1.2890e-01   1.2890e-01   1.2890e-01   1.2890e-01   1.2890e-01   1.2890e-01   1.2890e-01   1.2890e-01   1.2890e-01   1.2890e-01   1.2890e-01   1.2890e-01   1.2890e-01   1.2890e-01   1.2890e-01   1.2890e-01   1.2890e-01   1.2890e-01   1.2890e-01   1.2890e-01   1.2890e-01   1.2890e-01   1.2890e-01   1.2890e-01   1.2890e-01   1.2890e-01   1.2890e-01   1.2890e-01   1.2890e-01   1.2890e-01   1.2890e-01   1.2890e-01   1.2890e-01   1.2890e-01   1.2890e-01   1.2890e-01   1.2890e-01   1.2890e-01   1.2890e-01   1.2890e-01   1.2890e-01   1.2890e-01   1.2890e-01   1.2890e-01   1.2890e-01   1.2890e-01   1.2890e-01  -1.2069e-03
   4.7326e-01   4.7326e-01   4.7326e-01   4.7326e-01   4.7326e-01   4.7326e-01   4.7326e-01   4.7326e-01   4.7326e-01   4.7326e-01   4.7326e-01   4.7326e-01   4.7326e-01   4.7326e-01   4.7326e-01   4.7326e-01   4.7326e-01   4.7326e-01   4.7326e-01   4.7326e-01   4.7326e-01   4.7326e-01   4.7326e-01   4.7326e-01   4.7326e-01   4.7326e-01   4.7326e-01   4.7326e-01   4.7326e-01   4.7326e-01   4.7326e-01   4.7326e-01   4.7326e-01   4.7326e-01   4.7326e-01   4.7326e-01   4.7326e-01   4.7326e-01   4.7326e-01   4.7326e-01   4.7326e-01   4.7326e-01   4.7326e-01   4.7326e-01   4.7326e-01   4.7326e-01   4.7326e-01   4.7326e-01  -1.2069e-03
   1.6976e+00   1.6976e+00   1.6976e+00   1.6976e+00   1.6976e+00   1.6976e+00   1.6976e+00   1.6976e+00   1.6976e+00   1.6976e+00   1.6976e+00   1.6976e+00   1.6976e+00   1.6976e+00   1.6976e+00   1.6976e+00   1.6976e+00   1.6976e+00   1.6976e+00   1.6976e+00   1.6976e+00   1.6976e+00   1.6976e+00   1.6976e+00   1.6976e+00   1.6976e+00   1.6976e+00   1.6976e+00   1.6976e+00   1.6976e+00   1.6976e+00   1.6976e+00   1.6976e+00   1.6976e+00   1.6976e+00   1.6976e+00   1.6976e+00   1.6976e+00   1.6976e+00   1.6976e+00   1.6976e+00   1.6976e+00   1.6976e+00   1.6976e+00   1.6976e+00   1.6976e+00   1.6976e+00   1.6976e+00  -1.2069e-03
   5.9780e+00   5.9780e+00   5.9780e+00   5.9780e+00   5.9780e+00   5.9780e+00   5.9780e+00   5.9780e+00   5.9780e+00   5.9780e+00   5.9780e+00   5.9780e+00   5.9780e+00   5.9780e+00   5.9780e+00   5.9780e+00   5.9780e+00   5.9780e+00   5.9780e+00   5.9780e+00   5.9780e+00   5.9780e+00   5.9780e+00   5.9780e+00   5.9780e+00   5.9780e+00   5.9780e+00   5.9780e+00   5.9780e+00   5.9780e+00   5.9780e+00   5.9780e+00   5.9780e+00   5.9780e+00   5.9780e+00   5.9780e+00   5.9780e+00   5.9780e+00   5.9780e+00   5.9780e+00   5.9780e+00   5.9780e+00   5.9780e+00   5.9780e+00   5.9780e+00   5.9780e+00   5.9780e+00   5.9780e+00  -1.2069e-03
   2.0695e+01   2.0695e+01   2.0695e+01   2.0695e+01   2.0695e+01   2.0695e+01   2.0695e+01   2.0695e+01   2.0695e+01   2.0695e+01   2.0695e+01   2.0695e+01   2.0695e+01   2.0695e+01   2.0695e+01   2.0695e+01   2.0695e+01   2.0695e+01   2.0695e+01   2.0695e+01   2.0695e+01   2.0695e+01   2.0695e+01   2.0695e+01   2.0695e+01   2.0695e+01   2.0695e+01   2.0695e+01   2.0695e+01   2.0695e+01   2.0695e+01   2.0695e+01   2.0695e+01   2.0695e+01   2.0695e+01   2.0695e+01   2.0695e+01   2.0695e+01   2.0695e+01   2.0695e+01   2.0695e+01   2.0695e+01   2.0695e+01   2.0695e+01   2.0695e+01   2.0695e+01   2.0695e+01   2.0695e+01  -1.2069e-03
   7.0448e+01   7.0448e+01   7.0448e+01   7.0448e+01   7.0448e+01   7.0448e+01   7.0448e+01   7.0448e+01   7.0448e+01   7.0448e+01   7.0448e+01   7.0448e+01   7.0448e+01   7.0448e+01   7.0448e+01   7.0448e+01   7.0448e+01   7.0448e+01   7.0448e+01   7.0448e+01   7.0448e+01   7.0448e+01   7.0448e+01   7.0448e+01   7.0448e+01   7.0448e+01   7.0448e+01   7.0448e+01   7.0448e+01   7.0448e+01   7.0448e+01   7.0448e+01   7.0448e+01   7.0448e+01   7.0448e+01   7.0448e+01   7.0448e+01   7.0448e+01   7.0448e+01   7.0448e+01   7.0448e+01   7.0448e+01   7.0448e+01   7.0448e+01   7.0448e+01   7.0448e+01   7.0448e+01   7.0448e+01  -1.2069e-03
   2.3584e+02   2.3584e+02   2.3584e+02   2.3584e+02   2.3584e+02   2.3584e+02   2.3584e+02   2.3584e+02   2.3584e+02   2.3584e+02   2.3584e+02   2.3584e+02   2.3584e+02   2.3584e+02   2.3584e+02   2.3584e+02   2.3584e+02   2.3584e+02   2.3584e+02   2.3584e+02   2.3584e+02   2.3584e+02   2.3584e+02   2.3584e+02   2.3584e+02   2.3584e+02   2.3584e+02   2.3584e+02   2.3584e+02   2.3584e+02   2.3584e+02   2.3584e+02   2.3584e+02   2.3584e+02   2.3584e+02   2.3584e+02   2.3584e+02   2.3584e+02   2.3584e+02   2.3584e+02   2.3584e+02   2.3584e+02   2.3584e+02   2.3584e+02   2.3584e+02   2.3584e+02   2.3584e+02   2.3584e+02  -1.2069e-03
   7.7645e+02   7.7645e+02   7.7645e+02   7.7645e+02   7.7645e+02   7.7645e+02   7.7645e+02   7.7645e+02   7.7645e+02   7.7645e+02   7.7645e+02   7.7645e+02   7.7645e+02   7.7645e+02   7.7645e+02   7.7645e+02   7.7645e+02   7.7645e+02   7.7645e+02   7.7645e+02   7.7645e+02   7.7645e+02   7.7645e+02   7.7645e+02   7.7645e+02   7.7645e+02   7.7645e+02   7.7645e+02   7.7645e+02   7.7645e+02   7.7645e+02   7.7645e+02   7.7645e+02   7.7645e+02   7.7645e+02   7.7645e+02   7.7645e+02   7.7645e+02   7.7645e+02   7.7645e+02   7.7645e+02   7.7645e+02   7.7645e+02   7.7645e+02   7.7645e+02   7.7645e+02   7.7645e+02   7.7645e+02  -1.2069e-03
   2.5137e+03   2.5137e+03   2.5137e+03   2.5137e+03   2.5137e+03   2.5137e+03   2.5137e+03   2.5137e+03   2.5137e+03   2.5137e+03   2.5137e+03   2.5137e+03   2.5137e+03   2.5137e+03   2.5137e+03   2.5137e+03   2.5137e+03   2.5137e+03   2.5137e+03   2.5137e+03   2.5137e+03   2.5137e+03   2.5137e+03   2.5137e+03   2.5137e+03   2.5137e+03   2.5137e+03   2.5137e+03   2.5137e+03   2.5137e+03   2.5137e+03   2.5137e+03   2.5137e+03   2.5137e+03   2.5137e+03   2.5137e+03   2.5137e+03   2.5137e+03   2.5137e+03   2.5137e+03   2.5137e+03   2.5137e+03   2.5137e+03   2.5137e+03   2.5137e+03   2.5137e+03   2.5137e+03   2.5137e+03  -1.2069e-03
   8.0021e+03   8.0021e+03   8.0021e+03   8.0021e+03   8.0021e+03   8.0021e+03   8.0021e+03   8.0021e+03   8.0021e+03   8.0021e+03   8.0021e+03   8.0021e+03   8.0021e+03   8.0021e+03   8.0021e+03   8.0021e+03   8.0021e+03   8.0021e+03   8.0021e+03   8.0021e+03   8.0021e+03   8.0021e+03   8.0021e+03   8.0021e+03   8.0021e+03   8.0021e+03   8.0021e+03   8.0021e+03   8.0021e+03   8.0021e+03   8.0021e+03   8.0021e+03   8.0021e+03   8.0021e+03   8.0021e+03   8.0021e+03   8.0021e+03   8.0021e+03   8.0021e+03   8.0021e+03   8.0021e+03   8.0021e+03   8.0021e+03   8.0021e+03   8.0021e+03   8.0021e+03   8.0021e+03   8.0021e+03  -1.2069e-03
   2.5044e+04   2.5044e+04   2.5044e+04   2.5044e+04   2.5044e+04   2.5044e+04   2.5044e+04   2.5044e+04   2.5044e+04   2.5044e+04   2.5044e+04   2.5044e+04   2.5044e+04   2.5044e+04   2.5044e+04   2.5044e+04   2.5044e+04   2.5044e+04   2.5044e+04   2.5044e+04   2.5044e+04   2.5044e+04   2.5044e+04   2.5044e+04   2.5044e+04   2.5044e+04   2.5044e+04   2.5044e+04   2.5044e+04   2.5044e+04   2.5044e+04   2.5044e+04   2.5044e+04   2.5044e+04   2.5044e+04   2.5044e+04   2.5044e+04   2.5044e+04   2.5044e+04   2.5044e+04   2.5044e+04   2.5044e+04   2.5044e+04   2.5044e+04   2.5044e+04   2.5044e+04   2.5044e+04   2.5044e+04  -1.2069e-03
   7.7029e+04   7.7029e+04   7.7029e+04   7.7029e+04   7.7029e+04   7.7029e+04   7.7029e+04   7.7029e+04   7.7029e+04   7.7029e+04   7.7029e+04   7.7029e+04   7.7029e+04   7.7029e+04   7.7029e+04   7.7029e+04   7.7029e+04   7.7029e+04   7.7029e+04   7.7029e+04   7.7029e+04   7.7029e+04   7.7029e+04   7.7029e+04   7.7029e+04   7.7029e+04   7.7029e+04   7.7029e+04   7.7029e+04   7.7029e+04   7.7029e+04   7.7029e+04   7.7029e+04   7.7029e+04   7.7029e+04   7.7029e+04   7.7029e+04   7.7029e+04   7.7029e+04   7.7029e+04   7.7029e+04   7.7029e+04   7.7029e+04   7.7029e+04   7.7029e+04   7.7029e+04   7.7029e+04   7.7029e+04  -1.2069e-03
   2.3260e+05   2.3260e+05   2.3260e+05   2.3260e+05   2.3260e+05   2.3260e+05   2.3260e+05   2.3260e+05   2.3260e+05   2.3260e+05   2.3260e+05   2.3260e+05   2.3260e+05   2.3260e+05   2.3260e+05   2.3260e+05   2.3260e+05   2.3260e+05   2.3260e+05   2.3260e+05   2.3260e+05   2.3260e+05   2.3260e+05   2.3260e+05   2.3260e+05   2.3260e+05   2.3260e+05   2.3260e+05   2.3260e+05   2.3260e+05   2.3260e+05   2.3260e+05   2.3260e+05   2.3260e+05   2.3260e+05   2.3260e+05   2.3260e+05   2.3260e+05   2.3260e+05   2.3260e+05   2.3260e+05   2.3260e+05   2.3260e+05   2.3260e+05   2.3260e+05   2.3260e+05   2.3260e+05   2.3260e+05  -1.2069e-03
   6.8758e+05   6.8758e+05   6.8758e+05   6.8758e+05   6.8758e+05   6.8758e+05   6.8758e+05   6.8758e+05   6.8758e+05   6.8758e+05   6.8758e+05   6.8758e+05   6.8758e+05   6.8758e+05   6.8758e+05   6.8758e+05   6.8758e+05   6.8758e+05   6.8758e+05   6.8758e+05   6.8758e+05   6.8758e+05   6.8758e+05   6.8758e+05   6.8758e+05   6.8758e+05   6.8758e+05   6.8758e+05   6.8758e+05   6.8758e+05   6.8758e+05   6.8758e+05   6.8758e+05   6.8758e+05   6.8758e+05   6.8758e+05   6.8758e+05   6.8758e+05   6.8758e+05   6.8758e+05   6.8758e+05   6.8758e+05   6.8758e+05   6.8758e+05   6.8758e+05   6.8758e+05   6.8758e+05   6.8758e+05  -1.2069e-03
   1.9743e+06   1.9743e+06   1.9743e+06   1.9743e+06   1.9743e+06   1.9743e+06   1.9743e+06   1.9743e+06   1.9743e+06   1.9743e+06   1.9743e+06   1.9743e+06   1.9743e+06   1.9743e+06   1.9743e+06   1.9743e+06   1.9743e+06   1.9743e+06   1.9743e+06   1.9743e+06   1.9743e+06   1.9743e+06   1.9743e+06   1.9743e+06   1.9743e+06   1.9743e+06   1.9743e+06   1.9743e+06   1.9743e+06   1.9743e+06   1.9743e+06   1.9743e+06   1.9743e+06   1.9743e+06   1.9743e+06   1.9743e+06   1.9743e+06   1.9743e+06   1.9743e+06   1.9743e+06   1.9743e+06   1.9743e+06   1.9743e+06   1.9743e+06   1.9743e+06   1.9743e+06   1.9743e+06   1.9743e+06  -1.2069e-03
   5.3949e+06   5.3949e+06   5.3949e+06   5.3949e+06   5.3949e+06   5.3949e+06   5.3949e+06   5.3949e+06   5.3949e+06   5.3949e+06   5.3949e+06   5.3949e+06   5.3949e+06   5.3949e+06   5.3949e+06   5.3949e+06   5.3949e+06   5.3949e+06   5.3949e+06   5.3949e+06   5.3949e+06   5.3949e+06   5.3949e+06   5.3949e+06   5.3949e+06   5.3949e+06   5.3949e+06   5.3949e+06   5.3949e+06   5.3949e+06   5.3949e+06   5.3949e+06   5.3949e+06   5.3949e+06   5.3949e+06   5.3949e+06   5.3949e+06   5.3949e+06   5.3949e+06   5.3949e+06   5.3949e+06   5.3949e+06   5.3949e+06   5.3949e+06   5.3949e+06   5.3949e+06   5.3949e+06   5.3949e+06  -1.2069e-03
   1.3388e+07   1.3388e+07   1.3388e+07   1.3388e+07   1.3388e+07   1.3388e+07   1.3388e+07   1.3388e+07   1.3388e+07   1.3388e+07   1.3388e+07   1.3388e+07   1.3388e+07   1.3388e+07   1.3388e+07   1.3388e+07   1.3388e+07   1.3388e+07   1.3388e+07   1.3388e+07   1.3388e+07   1.3388e+07   1.3388e+07   1.3388e+07   1.3388e+07   1.3388e+07   1.3388e+07   1.3388e+07   1.3388e+07   1.3388e+07   1.3388e+07   1.3388e+07   1.3388e+07   1.3388e+07   1.3388e+07   1.3388e+07   1.3388e+07   1.3388e+07   1.3388e+07   1.3388e+07   1.3388e+07   1.3388e+07   1.3388e+07   1.3388e+07   1.3388e+07   1.3388e+07   1.3388e+07   1.3388e+07  -1.2069e-03
   2.7846e+07   2.7846e+07   2.7846e+07   2.7846e+07   2.7846e+07   2.7846e+07   2.7846e+07   2.7846e+07   2.7846e+07   2.7846e+07   2.7846e+07   2.7846e+07   2.7846e+07   2.7846e+07   2.7846e+07   2.7846e+07   2.7846e+07   2.7846e+07   2.7846e+07   2.7846e+07   2.7846e+07   2.7846e+07   2.7846e+07   2.7846e+07   2.7846e+07   2.7846e+07   2.7846e+07   2.7846e+07   2.7846e+07   2.7846e+07   2.7846e+07   2.7846e+07   2.7846e+07   2.7846e+07   2.7846e+07   2.7846e+07   2.7846e+07   2.7846e+07   2.7846e+07   2.7846e+07   2.7846e+07   2.7846e+07   2.7846e+07   2.7846e+07   2.7846e+07   2.7846e+07   2.7846e+07   2.7846e+07  -1.2069e-03
   4.5277e+07   4.5277e+07   4.5277e+07   4.5277e+07   4.5277e+07   4.5277e+07   4.5277e+07   4.5277e+07   4.5277e+07   4.5277e+07   4.5277e+07   4.5277e+07   4.5277e+07   4.5277e+07   4.5277e+07   4.5277e+07   4.5277e+07   4.5277e+07   4.5277e+07   4.5277e+07   4.5277e+07   4.5277e+07   4.5277e+07   4.5277e+07   4.5277e+07   4.5277e+07   4.5277e+07   4.5277e+07   4.5277e+07   4.5277e+07   4.5277e+07   4.5277e+07   4.5277e+07   4.5277e+07   4.5277e+07   4.5277e+07   4.5277e+07   4.5277e+07   4.5277e+07   4.5277e+07   4.5277e+07   4.5277e+07   4.5277e+07   4.5277e+07   4.5277e+07   4.5277e+07   4.5277e+07   4.5277e+07  -1.2069e-03
   5.8569e+07   5.8569e+07   5.8569e+07   5.8569e+07   5.8569e+07   5.8569e+07   5.8569e+07   5.8569e+07   5.8569e+07   5.8569e+07   5.8569e+07   5.8569e+07   5.8569e+07   5.8569e+07   5.8569e+07   5.8569e+07   5.8569e+07   5.8569e+07   5.8569e+07   5.8569e+07   5.8569e+07   5.8569e+07   5.8569e+07   5.8569e+07   5.8569e+07   5.8569e+07   5.8569e+07   5.8569e+07   5.8569e+07   5.8569e+07   5.8569e+07   5.8569e+07   5.8569e+07   5.8569e+07   5.8569e+07   5.8569e+07   5.8569e+07   5.8569e+07   5.8569e+07   5.8569e+07   5.8569e+07   5.8569e+07   5.8569e+07   5.8569e+07   5.8569e+07   5.8569e+07   5.8569e+07   5.8569e+07  -1.2069e-03
   6.5681e+07   6.5681e+07   6.5681e+07   6.5681e+07   6.5681e+07   6.5681e+07   6.5681e+07   6.5681e+07   6.5681e+07   6.5681e+07   6.5681e+07   6.5681e+07   6.5681e+07   6.5681e+07   6.5681e+07   6.5681e+07   6.5681e+07   6.5681e+07   6.5681e+07   6.5681e+07   6.5681e+07   6.5681e+07   6.5681e+07   6.5681e+07   6.5681e+07   6.5681e+07   6.5681e+07   6.5681e+07   6.5681e+07   6.5681e+07   6.5681e+07   6.5681e+07   6.5681e+07   6.5681e+07   6.5681e+07   6.5681e+07   6.5681e+07   6.5681e+07   6.5681e+07   6.5681e+07   6.5681e+07   6.5681e+07   6.5681e+07   6.5681e+07   6.5681e+07   6.5681e+07   6.5681e+07   6.5681e+07  -1.2069e-03
   6.8817e+07   6.8817e+07   6.8817e+07   6.8817e+07   6.8817e+07   6.8817e+07   6.8817e+07   6.8817e+07   6.8817e+07   6.8817e+07   6.8817e+07   6.8817e+07   6.8817e+07   6.8817e+07   6.8817e+07   6.8817e+07   6.8817e+07   6.8817e+07   6.8817e+07   6.8817e+07   6.8817e+07   6.8817e+07   6.8817e+07   6.8817e+07   6.8817e+07   6.8817e+07   6.8817e+07   6.8817e+07   6.8817e+07   6.8817e+07   6.8817e+07   6.8817e+07   6.8817e+07   6.8817e+07   6.8817e+07   6.8817e+07   6.8817e+07   6.8817e+07   6.8817e+07   6.8817e+07   6.8817e+07   6.8817e+07   6.8817e+07   6.8817e+07   6.8817e+07   6.8817e+07   6.8817e+07   6.8817e+07  -1.2069e-03
   7.0094e+07   7.0094e+07   7.0094e+07   7.0094e+07   7.0094e+07   7.0094e+07   7.0094e+07   7.0094e+07   7.0094e+07   7.0094e+07   7.0094e+07   7.0094e+07   7.0094e+07   7.0094e+07   7.0094e+07   7.0094e+07   7.0094e+07   7.0094e+07   7.0094e+07   7.0094e+07   7.0094e+07   7.0094e+07   7.0094e+07   7.0094e+07   7.0094e+07   7.0094e+07   7.0094e+07   7.0094e+07   7.0094e+07   7.0094e+07   7.0094e+07   7.0094e+07   7.0094e+07   7.0094e+07   7.0094e+07   7.0094e+07   7.0094e+07   7.0094e+07   7.0094e+07   7.0094e+07   7.0094e+07   7.0094e+07   7.0094e+07   7.0094e+07   7.0094e+07   7.0094e+07   7.0094e+07   7.0094e+07  -1.2069e-03
   7.0603e+07   7.0603e+07   7.0603e+07   7.0603e+07   7.0603e+07   7.0603e+07   7.0603e+07   7.0603e+07   7.0603e+07   7.0603e+07   7.0603e+07   7.0603e+07   7.0603e+07   7.0603e+07   7.0603e+07   7.0603e+07   7.0603e+07   7.0603e+07   7.0603e+07   7.0603e+07   7.0603e+07   7.0603e+07   7.0603e+07   7.0603e+07   7.0603e+07   7.0603e+07   7.0603e+07   7.0603e+07   7.0603e+07   7.0603e+07   7.0603e+07   7.0603e+07   7.0603e+07   7.0603e+07   7.0603e+07   7.0603e+07   7.0603e+07   7.0603e+07   7.0603e+07   7.0603e+07   7.0603e+07   7.0603e+07   7.0603e+07   7.0603e+07   7.0603e+07   7.0603e+07   7.0603e+07   7.0603e+07  -1.2069e-03
   7.0806e+07   7.0806e+07   7.0806e+07   7.0806e+07   7.0806e+07   7.0806e+07   7.0806e+07   7.0806e+07   7.0806e+07   7.0806e+07   7.0806e+07   7.0806e+07   7.0806e+07   7.0806e+07   7.0806e+07   7.0806e+07   7.0806e+07   7.0806e+07   7.0806e+07   7.0806e+07   7.0806e+07   7.0806e+07   7.0806e+07   7.0806e+07   7.0806e+07   7.0806e+07   7.0806e+07   7.0806e+07   7.0806e+07   7.0806e+07   7.0806e+07   7.0806e+07   7.0806e+07   7.0806e+07   7.0806e+07   7.0806e+07   7.0806e+07   7.0806e+07   7.0806e+07   7.0806e+07   7.0806e+07   7.0806e+07   7.0806e+07   7.0806e+07   7.0806e+07   7.0806e+07   7.0806e+07   7.0806e+07  -1.2069e-03
   7.0888e+07   7.0888e+07   7.0888e+07   7.0888e+07   7.0888e+07   7.0888e+07   7.0888e+07   7.0888e+07   7.0888e+07   7.0888e+07   7.0888e+07   7.0888e+07   7.0888e+07   7.0888e+07   7.0888e+07   7.0888e+07   7.0888e+07   7.0888e+07   7.0888e+07   7.0888e+07   7.0888e+07   7.0888e+07   7.0888e+07   7.0888e+07   7.0888e+07   7.0888e+07   7.0888e+07   7.0888e+07   7.0888e+07   7.0888e+07   7.0888e+07   7.0888e+07   7.0888e+07   7.0888e+07   7.0888e+07   7.0888e+07   7.0888e+07   7.0888e+07   7.0888e+07   7.0888e+07   7.0888e+07   7.0888e+07   7.0888e+07   7.0888e+07   7.0888e+07   7.0888e+07   7.0888e+07   7.0888e+07  -1.2069e-03
   7.0922e+07   7.0922e+07   7.0922e+07   7.0922e+07   7.0922e+07   7.0922e+07   7.0922e+07   7.0922e+07   7.0922e+07   7.0922e+07   7.0922e+07   7.0922e+07   7.0922e+07   7.0922e+07   7.0922e+07   7.0922e+07   7.0922e+07   7.0922e+07   7.0922e+07   7.0922e+07   7.0922e+07   7.0922e+07   7.0922e+07   7.0922e+07   7.0922e+07   7.0922e+07   7.0922e+07   7.0922e+07   7.0922e+07   7.0922e+07   7.0922e+07   7.0922e+07   7.0922e+07   7.0922e+07   7.0922e+07   7.0922e+07   7.0922e+07   7.0922e+07   7.0922e+07   7.0922e+07   7.0922e+07   7.0922e+07   7.0922e+07   7.0922e+07   7.0922e+07   7.0922e+07   7.0922e+07   7.0922e+07  -1.2069e-03
   7.0936e+07   7.0936e+07   7.0936e+07   7.0936e+07   7.0936e+07   7.0936e+07   7.0936e+07   7.0936e+07   7.0936e+07   7.0936e+07   7.0936e+07   7.0936e+07   7.0936e+07   7.0936e+07   7.0936e+07   7.0936e+07   7.0936e+07   7.0936e+07   7.0936e+07   7.0936e+07   7.0936e+07   7.0936e+07   7.0936e+07   7.0936e+07   7.0936e+07   7.0936e+07   7.0936e+07   7.0936e+07   7.0936e+07   7.0936e+07   7.0936e+07   7.0936e+07   7.0936e+07   7.0936e+07   7.0936e+07   7.0936e+07   7.0936e+07   7.0936e+07   7.0936e+07   7.0936e+07   7.0936e+07   7.0936e+07   7.0936e+07   7.0936e+07   7.0936e+07   7.0936e+07   7.0936e+07   7.0936e+07  -1.2069e-03
   7.0942e+07   7.0942e+07   7.0942e+07   7.0942e+07   7.0942e+07   7.0942e+07   7.0942e+07   7.0942e+07   7.0942e+07   7.0942e+07   7.0942e+07   7.0942e+07   7.0942e+07   7.0942e+07   7.0942e+07   7.0942e+07   7.0942e+07   7.0942e+07   7.0942e+07   7.0942e+07   7.0942e+07   7.0942e+07   7.0942e+07   7.0942e+07   7.0942e+07   7.0942e+07   7.0942e+07   7.0942e+07   7.0942e+07   7.0942e+07   7.0942e+07   7.0942e+07   7.0942e+07   7.0942e+07   7.0942e+07   7.0942e+07   7.0942e+07   7.0942e+07   7.0942e+07   7.0942e+07   7.0942e+07   7.0942e+07   7.0942e+07   7.0942e+07   7.0942e+07   7.0942e+07   7.0942e+07   7.0942e+07  -1.2069e-03
   7.0944e+07   7.0944e+07   7.0944e+07   7.0944e+07   7.0944e+07   7.0944e+07   7.0944e+07   7.0944e+07   7.0944e+07   7.0944e+07   7.0944e+07   7.0944e+07   7.0944e+07   7.0944e+07   7.0944e+07   7.0944e+07   7.0944e+07   7.0944e+07   7.0944e+07   7.0944e+07   7.0944e+07   7.0944e+07   7.0944e+07   7.0944e+07   7.0944e+07   7.0944e+07   7.0944e+07   7.0944e+07   7.0944e+07   7.0944e+07   7.0944e+07   7.0944e+07   7.0944e+07   7.0944e+07   7.0944e+07   7.0944e+07   7.0944e+07   7.0944e+07   7.0944e+07   7.0944e+07   7.0944e+07   7.0944e+07   7.0944e+07   7.0944e+07   7.0944e+07   7.0944e+07   7.0944e+07   7.0944e+07  -1.2069e-03
   7.0945e+07   7.0945e+07   7.0945e+07   7.0945e+07   7.0945e+07   7.0945e+07   7.0945e+07   7.0945e+07   7.0945e+07   7.0945e+07   7.0945e+07   7.0945e+07   7.0945e+07   7.0945e+07   7.0945e+07   7.0945e+07   7.0945e+07   7.0945e+07   7.0945e+07   7.0945e+07   7.0945e+07   7.0945e+07   7.0945e+07   7.0945e+07   7.0945e+07   7.0945e+07   7.0945e+07   7.0945e+07   7.0945e+07   7.0945e+07   7.0945e+07   7.0945e+07   7.0945e+07   7.0945e+07   7.0945e+07   7.0945e+07   7.0945e+07   7.0945e+07   7.0945e+07   7.0945e+07   7.0945e+07   7.0945e+07   7.0945e+07   7.0945e+07   7.0945e+07   7.0945e+07   7.0945e+07   7.0945e+07  -1.2069e-03
   7.0946e+07   7.0946e+07   7.0946e+07   7.0946e+07   7.0946e+07   7.0946e+07   7.0946e+07   7.0946e+07   7.0946e+07   7.0946e+07   7.0946e+07   7.0946e+07   7.0946e+07   7.0946e+07   7.0946e+07   7.0946e+07   7.0946e+07   7.0946e+07   7.0946e+07   7.0946e+07   7.0946e+07   7.0946e+07   7.0946e+07   7.0946e+07   7.0946e+07   7.0946e+07   7.0946e+07   7.0946e+07   7.0946e+07   7.0946e+07   7.0946e+07   7.0946e+07   7.0946e+07   7.0946e+07   7.0946e+07   7.0946e+07   7.0946e+07   7.0946e+07   7.0946e+07   7.0946e+07   7.0946e+07   7.0946e+07   7.0946e+07   7.0946e+07   7.0946e+07   7.0946e+07   7.0946e+07   7.0946e+07  -1.2069e-03
   7.0946e+07   7.0946e+07   7.0946e+07   7.0946e+07   7.0946e+07   7.0946e+07   7.0946e+07   7.0946e+07   7.0946e+07   7.0946e+07   7.0946e+07   7.0946e+07   7.0946e+07   7.0946e+07   7.0946e+07   7.0946e+07   7.0946e+07   7.0946e+07   7.0946e+07   7.0946e+07   7.0946e+07   7.0946e+07   7.0946e+07   7.0946e+07   7.0946e+07   7.0946e+07   7.0946e+07   7.0946e+07   7.0946e+07   7.0946e+07   7.0946e+07   7.0946e+07   7.0946e+07   7.0946e+07   7.0946e+07   7.0946e+07   7.0946e+07   7.0946e+07   7.0946e+07   7.0946e+07   7.0946e+07   7.0946e+07   7.0946e+07   7.0946e+07   7.0946e+07   7.0946e+07   7.0946e+07   7.0946e+07  -1.2069e-03
   7.0946e+07   7.0946e+07   7.0946e+07   7.0946e+07   7.0946e+07   7.0946e+07   7.0946e+07   7.0946e+07   7.0946e+07   7.0946e+07   7.0946e+07   7.0946e+07   7.0946e+07   7.0946e+07   7.0946e+07   7.0946e+07   7.0946e+07   7.0946e+07   7.0946e+07   7.0946e+07   7.0946e+07   7.0946e+07   7.0946e+07   7.0946e+07   7.0946e+07   7.0946e+07   7.0946e+07   7.0946e+07   7.0946e+07   7.0946e+07   7.0946e+07   7.0946e+07   7.0946e+07   7.0946e+07   7.0946e+07   7.0946e+07   7.0946e+07   7.0946e+07   7.0946e+07   7.0946e+07   7.0946e+07   7.0946e+07   7.0946e+07   7.0946e+07   7.0946e+07   7.0946e+07   7.0946e+07   7.0946e+07  -1.2069e-03
   7.0946e+07   7.0946e+07   7.0946e+07   7.0946e+07   7.0946e+07   7.0946e+07   7.0946e+07   7.0946e+07   7.0946e+07   7.0946e+07   7.0946e+07   7.0946e+07   7.0946e+07   7.0946e+07   7.0946e+07   7.0946e+07   7.0946e+07   7.0946e+07   7.0946e+07   7.0946e+07   7.0946e+07   7.0946e+07   7.0946e+07   7.0946e+07   7.0946e+07   7.0946e+07   7.0946e+07   7.0946e+07   7.0946e+07   7.0946e+07   7.0946e+07   7.0946e+07   7.0946e+07   7.0946e+07   7.0946e+07   7.0946e+07   7.0946e+07   7.0946e+07   7.0946e+07   7.0946e+07   7.0946e+07   7.0946e+07   7.0946e+07   7.0946e+07   7.0946e+07   7.0946e+07   7.0946e+07   7.0946e+07  -1.2069e-03
   7.0946e+07   7.0946e+07   7.0946e+07   7.0946e+07   7.0946e+07   7.0946e+07   7.0946e+07   7.0946e+07   7.0946e+07   7.0946e+07   7.0946e+07   7.0946e+07   7.0946e+07   7.0946e+07   7.0946e+07   7.0946e+07   7.0946e+07   7.0946e+07   7.0946e+07   7.0946e+07   7.0946e+07   7.0946e+07   7.0946e+07   7.0946e+07   7.0946e+07   7.0946e+07   7.0946e+07   7.0946e+07   7.0946e+07   7.0946e+07   7.0946e+07   7.0946e+07   7.0946e+07   7.0946e+07   7.0946e+07   7.0946e+07   7.0946e+07   7.0946e+07   7.0946e+07   7.0946e+07   7.0946e+07   7.0946e+07   7.0946e+07   7.0946e+07   7.0946e+07   7.0946e+07   7.0946e+07   7.0946e+07  -1.2069e-03
   7.0946e+07   7.0946e+07   7.0946e+07   7.0946e+07   7.0946e+07   7.0946e+07   7.0946e+07   7.0946e+07   7.0946e+07   7.0946e+07   7.0946e+07   7.0946e+07   7.0946e+07   7.0946e+07   7.0946e+07   7.0946e+07   7.0946e+07   7.0946e+07   7.0946e+07   7.0946e+07   7.0946e+07   7.0946e+07   7.0946e+07   7.0946e+07   7.0946e+07   7.0946e+07   7.0946e+07   7.0946e+07   7.0946e+07   7.0946e+07   7.0946e+07   7.0946e+07   7.0946e+07   7.0946e+07   7.0946e+07   7.0946e+07   7.0946e+07   7.0946e+07   7.0946e+07   7.0946e+07   7.0946e+07   7.0946e+07   7.0946e+07   7.0946e+07   7.0946e+07   7.0946e+07   7.0946e+07   7.0946e+07  -1.2069e-03
   7.0946e+07   7.0946e+07   7.0946e+07   7.0946e+07   7.0946e+07   7.0946e+07   7.0946e+07   7.0946e+07   7.0946e+07   7.0946e+07   7.0946e+07   7.0946e+07   7.0946e+07   7.0946e+07   7.0946e+07   7.0946e+07   7.0946e+07   7.0946e+07   7.0946e+07   7.0946e+07   7.0946e+07   7.0946e+07   7.0946e+07   7.0946e+07   7.0946e+07   7.0946e+07   7.0946e+07   7.0946e+07   7.0946e+07   7.0946e+07   7.0946e+07   7.0946e+07   7.0946e+07   7.0946e+07   7.0946e+07   7.0946e+07   7.0946e+07   7.0946e+07   7.0946e+07   7.0946e+07   7.0946e+07   7.0946e+07   7.0946e+07   7.0946e+07   7.0946e+07   7.0946e+07   7.0946e+07   7.0946e+07  -1.2069e-03
   7.0946e+07   7.0946e+07   7.0946e+07   7.0946e+07   7.0946e+07   7.0946e+07   7.0946e+07   7.0946e+07   7.0946e+07   7.0946e+07   7.0946e+07   7.0946e+07   7.0946e+07   7.0946e+07   7.0946e+07   7.0946e+07   7.0946e+07   7.0946e+07   7.0946e+07   7.0946e+07   7.0946e+07   7.0946e+07   7.0946e+07   7.0946e+07   7.0946e+07   7.0946e+07   7.0946e+07   7.0946e+07   7.0946e+07   7.0946e+07   7.0946e+07   7.0946e+07   7.0946e+07   7.0946e+07   7.0946e+07   7.0946e+07   7.0946e+07   7.0946e+07   7.0946e+07   7.0946e+07   7.0946e+07   7.0946e+07   7.0946e+07   7.0946e+07   7.0946e+07   7.0946e+07   7.0946e+07   7.0946e+07  -1.2069e-03
   7.0946e+07   7.0946e+07   7.0946e+07   7.0946e+07   7.0946e+07   7.0946e+07   7.0946e+07   7.0946e+07   7.0946e+07   7.0946e+07   7.0946e+07   7.0946e+07   7.0946e+07   7.0946e+07   7.0946e+07   7.0946e+07   7.0946e+07   7.0946e+07   7.0946e+07   7.0946e+07   7.0946e+07   7.0946e+07   7.0946e+07   7.0946e+07   7.0946e+07   7.0946e+07   7.0946e+07   7.0946e+07   7.0946e+07   7.0946e+07   7.0946e+07   7.0946e+07   7.0946e+07   7.0946e+07   7.0946e+07   7.0946e+07   7.0946e+07   7.0946e+07   7.0946e+07   7.0946e+07   7.0946e+07   7.0946e+07   7.0946e+07   7.0946e+07   7.0946e+07   7.0946e+07   7.0946e+07   7.0946e+07  -1.2069e-03
   7.0946e+07   7.0946e+07   7.0946e+07   7.0946e+07   7.0946e+07   7.0946e+07   7.0946e+07   7.0946e+07   7.0946e+07   7.0946e+07   7.0946e+07   7.0946e+07   7.0946e+07   7.0946e+07   7.0946e+07   7.0946e+07   7.0946e+07   7.0946e+07   7.0946e+07   7.0946e+07   7.0946e+07   7.0946e+07   7.0946e+07   7.0946e+07   7.0946e+07   7.0946e+07   7.0946e+07   7.0946e+07   7.0946e+07   7.0946e+07   7.0946e+07   7.0946e+07   7.0946e+07   7.0946e+07   7.0946e+07   7.0946e+07   7.0946e+07   7.0946e+07   7.0946e+07   7.0946e+07   7.0946e+07   7.0946e+07   7.0946e+07   7.0946e+07   7.0946e+07   7.0946e+07   7.0946e+07   7.0946e+07  -1.2069e-03
   7.0946e+07   7.0946e+07   7.0946e+07   7.0946e+07   7.0946e+07   7.0946e+07   7.0946e+07   7.0946e+07   7.0946e+07   7.0946e+07   7.0946e+07   7.0946e+07   7.0946e+07   7.0946e+07   7.0946e+07   7.0946e+07   7.0946e+07   7.0946e+07   7.0946e+07   7.0946e+07   7.0946e+07   7.0946e+07   7.0946e+07   7.0946e+07   7.0946e+07   7.0946e+07   7.0946e+07   7.0946e+07   7.0946e+07   7.0946e+07   7.0946e+07   7.0946e+07   7.0946e+07   7.0946e+07   7.0946e+07   7.0946e+07   7.0946e+07   7.0946e+07   7.0946e+07   7.0946e+07   7.0946e+07   7.0946e+07   7.0946e+07   7.0946e+07   7.0946e+07   7.0946e+07   7.0946e+07   7.0946e+07  -1.2069e-03
   7.0946e+07   7.0946e+07   7.0946e+07   7.0946e+07   7.0946e+07   7.0946e+07   7.0946e+07   7.0946e+07   7.0946e+07   7.0946e+07   7.0946e+07   7.0946e+07   7.0946e+07   7.0946e+07   7.0946e+07   7.0946e+07   7.0946e+07   7.0946e+07   7.0946e+07   7.0946e+07   7.0946e+07   7.0946e+07   7.0946e+07   7.0946e+07   7.0946e+07   7.0946e+07   7.0946e+07   7.0946e+07   7.0946e+07   7.0946e+07   7.0946e+07   7.0946e+07   7.0946e+07   7.0946e+07   7.0946e+07   7.0946e+07   7.0946e+07   7.0946e+07   7.0946e+07   7.0946e+07   7.0946e+07   7.0946e+07   7.0946e+07   7.0946e+07   7.0946e+07   7.0946e+07   7.0946e+07   7.0946e+07  -1.2069e-03
   7.0946e+07   7.0946e+07   7.0946e+07   7.0946e+07   7.0946e+07   7.0946e+07   7.0946e+07   7.0946e+07   7.0946e+07   7.0946e+07   7.0946e+07   7.0946e+07   7.0946e+07   7.0946e+07   7.0946e+07   7.0946e+07   7.0946e+07   7.0946e+07   7.0946e+07   7.0946e+07   7.0946e+07   7.0946e+07   7.0946e+07   7.0946e+07   7.0946e+07   7.0946e+07   7.0946e+07   7.0946e+07   7.0946e+07   7.0946e+07   7.0946e+07   7.0946e+07   7.0946e+07   7.0946e+07   7.0946e+07   7.0946e+07   7.0946e+07   7.0946e+07   7.0946e+07   7.0946e+07   7.0946e+07   7.0946e+07   7.0946e+07   7.0946e+07   7.0946e+07   7.0946e+07   7.0946e+07   7.0946e+07  -1.2069e-03
   7.0946e+07   7.0946e+07   7.0946e+07   7.0946e+07   7.0946e+07   7.0946e+07   7.0946e+07   7.0946e+07   7.0946e+07   7.0946e+07   7.0946e+07   7.0946e+07   7.0946e+07   7.0946e+07   7.0946e+07   7.0946e+07   7.0946e+07   7.0946e+07   7.0946e+07   7.0946e+07   7.0946e+07   7.0946e+07   7.0946e+07   7.0946e+07   7.0946e+07   7.0946e+07   7.0946e+07   7.0946e+07   7.0946e+07   7.0946e+07   7.0946e+07   7.0946e+07   7.0946e+07   7.0946e+07   7.0946e+07   7.0946e+07   7.0946e+07   7.0946e+07   7.0946e+07   7.0946e+07   7.0946e+07   7.0946e+07   7.0946e+07   7.0946e+07   7.0946e+07   7.0946e+07   7.0946e+07   7.0946e+07  -1.2069e-03
  -1.2069e-03  -1.2069e-03  -1.2069e-03  -1.2069e-03  -1.2069e-03  -1.2069e-03  -1.2069e-03  -1.2069e-03  -1.2069e-03  -1.2069e-03  -1.2069e-03  -1.2069e-03  -1.2069e-03  -1.2069e-03  -1.2069e-03  -1.2069e-03  -1.2069e-03  -1.2069e-03  -1.2069e-03  -1.2069e-03  -1.2069e-03  -1.2069e-03  -1.2069e-03  -1.2069e-03  -1.2069e-03  -1.2069e-03  -1.2069e-03  -1.2069e-03  -1.2069e-03  -1.2069e-03  -1.2069e-03  -1.2069e-03  -1.2069e-03  -1.2069e-03  -1.2069e-03  -1.2069e-03  -1.2069e-03  -1.2069e-03  -1.2069e-03  -1.2069e-03  -1.2069e-03  -1.2069e-03  -1.2069e-03  -1.2069e-03  -1.2069e-03  -1.2069e-03  -1.2069e-03  -1.2069e-03   9.6553e-03


T= 20000
  -3.1611e-01  -3.1611e-01  -3.1611e-01  -3.1611e-01  -3.1611e-01  -3.1611e-01  -3.1611e-01  -3.1611e-01  -3.1611e-01  -3.1611e-01  -3.1611e-01  -3.1611e-01  -3.1611e-01  -3.1611e-01  -3.1611e-01  -3.1611e-01  -3.1611e-01  -3.1611e-01  -3.1611e-01  -3.1611e-01  -3.1611e-01  -3.1611e-01  -3.1611e-01  -3.1611e-01  -3.1611e-01  -3.1611e-01  -3.1611e-01  -3.1611e-01  -3.1611e-01  -3.1611e-01  -3.1611e-01  -3.1611e-01  -3.1611e-01  -3.1611e-01  -3.1611e-01  -3.1611e-01  -3.1611e-01  -3.1611e-01  -3.1611e-01  -3.1611e-01  -3.1611e-01  -3.1611e-01  -3.1611e-01  -3.1611e-01  -3.1611e-01  -3.1611e-01  -3.1611e-01  -3.1611e-01  -3.4491e-03
   2.1329e-02   2.1329e-02   2.1329e-02   2.1329e-02   2.1329e-02   2.1329e-02   2.1329e-02   2.1329e-02   2.1329e-02   2.1329e-02   2.1329e-02   2.1329e-02   2.1329e-02   2.1329e-02   2.1329e-02   2.1329e-02   2.1329e-02   2.1329e-02   2.1329e-02   2.1329e-02   2.1329e-02   2.1329e-02   2.1329e-02   2.1329e-02   2.1329e-02   2.1329e-02   2.1329e-02   2.1329e-02   2.1329e-02   2.1329e-02   2.1329e-02   2.1329e-02   2.1329e-02   2.1329e-02   2.1329e-02   2.1329e-02   2.1329e-02   2.1329e-02   2.1329e-02   2.1329e-02   2.1329e-02   2.1329e-02   2.1329e-02   2.1329e-02   2.1329e-02   2.1329e-02   2.1329e-02   2.1329e-02  -3.4491e-03
   9.2778e-02   9.2778e-02   9.2778e-02   9.2778e-02   9.2778e-02   9.2778e-02   9.2778e-02   9.2778e-02   9.2778e-02   9.2778e-02   9.2778e-02   9.2778e-02   9.2778e-02   9.2778e-02   9.2778e-02   9.2778e-02   9.2778e-02   9.2778e-02   9.2778e-02   9.2778e-02   9.2778e-02   9.2778e-02   9.2778e-02   9.2778e-02   9.2778e-02   9.2778e-02   9.2778e-02   9.2778e-02   9.2778e-02   9.2778e-02   9.2778e-02   9.2778e-02   9.2778e-02   9.2778e-02   9.2778e-02   9.2778e-02   9.2778e-02   9.2778e-02   9.2778e-02   9.2778e-02   9.2778e-02   9.2778e-02   9.2778e-02   9.2778e-02   9.2778e-02   9.2778e-02   9.2778e-02   9.2778e-02  -3.4491e-03
   3.5542e-01   3.5542e-01   3.5542e-01   3.5542e-01   3.5542e-01   3.5542e-01   3.5542e-01   3.5542e-01   3.5542e-01   3.5542e-01   3.5542e-01   3.5542e-01   3.5542e-01   3.5542e-01   3.5542e-01   3.5542e-01   3.5542e-01   3.5542e-01   3.5542e-01   3.5542e-01   3.5542e-01   3.5542e-01   3.5542e-01   3.5542e-01   3.5542e-01   3.5542e-01   3.5542e-01   3.5542e-01   3.5542e-01   3.5542e-01   3.5542e-01   3.5542e-01   3.5542e-01   3.5542e-01   3.5542e-01   3.5542e-01   3.5542e-01   3.5542e-01   3.5542e-01   3.5542e-01   3.5542e-01   3.5542e-01   3.5542e-01   3.5542e-01   3.5542e-01   3.5542e-01   3.5542e-01   3.5542e-01  -3.4491e-03
   1.3049e+00   1.3049e+00   1.3049e+00   1.3049e+00   1.3049e+00   1.3049e+00   1.3049e+00   1.3049e+00   1.3049e+00   1.3049e+00   1.3049e+00   1.3049e+00   1.3049e+00   1.3049e+00   1.3049e+00   1.3049e+00   1.3049e+00   1.3049e+00   1.3049e+00   1.3049e+00   1.3049e+00   1.3049e+00   1.3049e+00   1.3049e+00   1.3049e+00   1.3049e+00   1.3049e+00   1.3049e+00   1.3049e+00   1.3049e+00   1.3049e+00   1.3049e+00   1.3049e+00   1.3049e+00   1.3049e+00   1.3049e+00   1.3049e+00   1.3049e+00   1.3049e+00   1.3049e+00   1.3049e+00   1.3049e+00   1.3049e+00   1.3049e+00   1.3049e+00   1.3049e+00   1.3049e+00   1.3049e+00  -3.4491e-03
   4.6806e+00   4.6806e+00   4.6806e+00   4.6806e+00   4.6806e+00   4.6806e+00   4.6806e+00   4.6806e+00   4.6806e+00   4.6806e+00   4.6806e+00   4.6806e+00   4.6806e+00   4.6806e+00   4.6806e+00   4.6806e+00   4.6806e+00   4.6806e+00   4.6806e+00   4.6806e+00   4.6806e+00   4.6806e+00   4.6806e+00   4.6806e+00   4.6806e+00   4.6806e+00   4.6806e+00   4.6806e+00   4.6806e+00   4.6806e+00   4.6806e+00   4.6806e+00   4.6806e+00   4.6806e+00   4.6806e+00   4.6806e+00   4.6806e+00   4.6806e+00   4.6806e+00   4.6806e+00   4.6806e+00   4.6806e+00   4.6806e+00   4.6806e+00   4.6806e+00   4.6806e+00   4.6806e+00   4.6806e+00  -3.4491e-03
   1.6483e+01   1.6483e+01   1.6483e+01   1.6483e+01   1.6483e+01   1.6483e+01   1.6483e+01   1.6483e+01   1.6483e+01   1.6483e+01   1.6483e+01   1.6483e+01   1.6483e+01   1.6483e+01   1.6483e+01   1.6483e+01   1.6483e+01   1.6483e+01   1.6483e+01   1.6483e+01   1.6483e+01   1.6483e+01   1.6483e+01   1.6483e+01   1.6483e+01   1.6483e+01   1.6483e+01   1.6483e+01   1.6483e+01   1.6483e+01   1.6483e+01   1.6483e+01   1.6483e+01   1.6483e+01   1.6483e+01   1.6483e+01   1.6483e+01   1.6483e+01   1.6483e+01   1.6483e+01   1.6483e+01   1.6483e+01   1.6483e+01   1.6483e+01   1.6483e+01   1.6483e+01   1.6483e+01   1.6483e+01  -3.4491e-03
   5.7061e+01   5.7061e+01   5.7061e+01   5.7061e+01   5.7061e+01   5.7061e+01   5.7061e+01   5.7061e+01   5.7061e+01   5.7061e+01   5.7061e+01   5.7061e+01   5.7061e+01   5.7061e+01   5.7061e+01   5.7061e+01   5.7061e+01   5.7061e+01   5.7061e+01   5.7061e+01   5.7061e+01   5.7061e+01   5.7061e+01   5.7061e+01   5.7061e+01   5.7061e+01   5.7061e+01   5.7061e+01   5.7061e+01   5.7061e+01   5.7061e+01   5.7061e+01   5.7061e+01   5.7061e+01   5.7061e+01   5.7061e+01   5.7061e+01   5.7061e+01   5.7061e+01   5.7061e+01   5.7061e+01   5.7061e+01   5.7061e+01   5.7061e+01   5.7061e+01   5.7061e+01   5.7061e+01   5.7061e+01  -3.4491e-03
   1.9424e+02   1.9424e+02   1.9424e+02   1.9424e+02   1.9424e+02   1.9424e+02   1.9424e+02   1.9424e+02   1.9424e+02   1.9424e+02   1.9424e+02   1.9424e+02   1.9424e+02   1.9424e+02   1.9424e+02   1.9424e+02   1.9424e+02   1.9424e+02   1.9424e+02   1.9424e+02   1.9424e+02   1.9424e+02   1.9424e+02   1.9424e+02   1.9424e+02   1.9424e+02   1.9424e+02   1.9424e+02   1.9424e+02   1.9424e+02   1.9424e+02   1.9424e+02   1.9424e+02   1.9424e+02   1.9424e+02   1.9424e+02   1.9424e+02   1.9424e+02   1.9424e+02   1.9424e+02   1.9424e+02   1.9424e+02   1.9424e+02   1.9424e+02   1.9424e+02   1.9424e+02   1.9424e+02   1.9424e+02  -3.4491e-03
   6.5028e+02   6.5028e+02   6.5028e+02   6.5028e+02   6.5028e+02   6.5028e+02   6.5028e+02   6.5028e+02   6.5028e+02   6.5028e+02   6.5028e+02   6.5028e+02   6.5028e+02   6.5028e+02   6.5028e+02   6.5028e+02   6.5028e+02   6.5028e+02   6.5028e+02   6.5028e+02   6.5028e+02   6.5028e+02   6.5028e+02   6.5028e+02   6.5028e+02   6.5028e+02   6.5028e+02   6.5028e+02   6.5028e+02   6.5028e+02   6.5028e+02   6.5028e+02   6.5028e+02   6.5028e+02   6.5028e+02   6.5028e+02   6.5028e+02   6.5028e+02   6.5028e+02   6.5028e+02   6.5028e+02   6.5028e+02   6.5028e+02   6.5028e+02   6.5028e+02   6.5028e+02   6.5028e+02   6.5028e+02  -3.4491e-03
   2.1409e+03   2.1409e+03   2.1409e+03   2.1409e+03   2.1409e+03   2.1409e+03   2.1409e+03   2.1409e+03   2.1409e+03   2.1409e+03   2.1409e+03   2.1409e+03   2.1409e+03   2.1409e+03   2.1409e+03   2.1409e+03   2.1409e+03   2.1409e+03   2.1409e+03   2.1409e+03   2.1409e+03   2.1409e+03   2.1409e+03   2.1409e+03   2.1409e+03   2.1409e+03   2.1409e+03   2.1409e+03   2.1409e+03   2.1409e+03   2.1409e+03   2.1409e+03   2.1409e+03   2.1409e+03   2.1409e+03   2.1409e+03   2.1409e+03   2.1409e+03   2.1409e+03   2.1409e+03   2.1409e+03   2.1409e+03   2.1409e+03   2.1409e+03   2.1409e+03   2.1409e+03   2.1409e+03   2.1409e+03  -3.4491e-03
   6.9310e+03   6.9310e+03   6.9310e+03   6.9310e+03   6.9310e+03   6.9310e+03   6.9310e+03   6.9310e+03   6.9310e+03   6.9310e+03   6.9310e+03   6.9310e+03   6.9310e+03   6.9310e+03   6.9310e+03   6.9310e+03   6.9310e+03   6.9310e+03   6.9310e+03   6.9310e+03   6.9310e+03   6.9310e+03   6.9310e+03   6.9310e+03   6.9310e+03   6.9310e+03   6.9310e+03   6.9310e+03   6.9310e+03   6.9310e+03   6.9310e+03   6.9310e+03   6.9310e+03   6.9310e+03   6.9310e+03   6.9310e+03   6.9310e+03   6.9310e+03   6.9310e+03   6.9310e+03   6.9310e+03   6.9310e+03   6.9310e+03   6.9310e+03   6.9310e+03   6.9310e+03   6.9310e+03   6.9310e+03  -3.4491e-03
   2.2064e+04   2.2064e+04   2.2064e+04   2.2064e+04   2.2064e+04   2.2064e+04   2.2064e+04   2.2064e+04   2.2064e+04   2.2064e+04   2.2064e+04   2.2064e+04   2.2064e+04   2.2064e+04   2.2064e+04   2.2064e+04   2.2064e+04   2.2064e+04   2.2064e+04   2.2064e+04   2.2064e+04   2.2064e+04   2.2064e+04   2.2064e+04   2.2064e+04   2.2064e+04   2.2064e+04   2.2064e+04   2.2064e+04   2.2064e+04   2.2064e+04   2.2064e+04   2.2064e+04   2.2064e+04   2.2064e+04   2.2064e+04   2.2064e+04   2.2064e+04   2.2064e+04   2.2064e+04   2.2064e+04   2.2064e+04   2.2064e+04   2.2064e+04   2.2064e+04   2.2064e+04   2.2064e+04   2.2064e+04  -3.4491e-03
   6.9053e+04   6.9053e+04   6.9053e+04   6.9053e+04   6.9053e+04   6.9053e+04   6.9053e+04   6.9053e+04   6.9053e+04   6.9053e+04   6.9053e+04   6.9053e+04   6.9053e+04   6.9053e+04   6.9053e+04   6.9053e+04   6.9053e+04   6.9053e+04   6.9053e+04   6.9053e+04   6.9053e+04   6.9053e+04   6.9053e+04   6.9053e+04   6.9053e+04   6.9053e+04   6.9053e+04   6.9053e+04   6.9053e+04   6.9053e+04   6.9053e+04   6.9053e+04   6.9053e+04   6.9053e+04   6.9053e+04   6.9053e+04   6.9053e+04   6.9053e+04   6.9053e+04   6.9053e+04   6.9053e+04   6.9053e+04   6.9053e+04   6.9053e+04   6.9053e+04   6.9053e+04   6.9053e+04   6.9053e+04  -3.4491e-03
   2.1239e+05   2.1239e+05   2.1239e+05   2.1239e+05   2.1239e+05   2.1239e+05   2.1239e+05   2.1239e+05   2.1239e+05   2.1239e+05   2.1239e+05   2.1239e+05   2.1239e+05   2.1239e+05   2.1239e+05   2.1239e+05   2.1239e+05   2.1239e+05   2.1239e+05   2.1239e+05   2.1239e+05   2.1239e+05   2.1239e+05   2.1239e+05   2.1239e+05   2.1239e+05   2.1239e+05   2.1239e+05   2.1239e+05   2.1239e+05   2.1239e+05   2.1239e+05   2.1239e+05   2.1239e+05   2.1239e+05   2.1239e+05   2.1239e+05   2.1239e+05   2.1239e+05   2.1239e+05   2.1239e+05   2.1239e+05   2.1239e+05   2.1239e+05   2.1239e+05   2.1239e+05   2.1239e+05   2.1239e+05  -3.4491e-03
   6.4133e+05   6.4133e+05   6.4133e+05   6.4133e+05   6.4133e+05   6.4133e+05   6.4133e+05   6.4133e+05   6.4133e+05   6.4133e+05   6.4133e+05   6.4133e+05   6.4133e+05   6.4133e+05   6.4133e+05   6.4133e+05   6.4133e+05   6.4133e+05   6.4133e+05   6.4133e+05   6.4133e+05   6.4133e+05   6.4133e+05   6.4133e+05   6.4133e+05   6.4133e+05   6.4133e+05   6.4133e+05   6.4133e+05   6.4133e+05   6.4133e+05   6.4133e+05   6.4133e+05   6.4133e+05   6.4133e+05   6.4133e+05   6.4133e+05   6.4133e+05   6.4133e+05   6.4133e+05   6.4133e+05   6.4133e+05   6.4133e+05   6.4133e+05   6.4133e+05   6.4133e+05   6.4133e+05   6.4133e+05  -3.4491e-03
   1.8958e+06   1.8958e+06   1.8958e+06   1.8958e+06   1.8958e+06   1.8958e+06   1.8958e+06   1.8958e+06   1.8958e+06   1.8958e+06   1.8958e+06   1.8958e+06   1.8958e+06   1.8958e+06   1.8958e+06   1.8958e+06   1.8958e+06   1.8958e+06   1.8958e+06   1.8958e+06   1.8958e+06   1.8958e+06   1.8958e+06   1.8958e+06   1.8958e+06   1.8958e+06   1.8958e+06   1.8958e+06   1.8958e+06   1.8958e+06   1.8958e+06   1.8958e+06   1.8958e+06   1.8958e+06   1.8958e+06   1.8958e+06   1.8958e+06   1.8958e+06   1.8958e+06   1.8958e+06   1.8958e+06   1.8958e+06   1.8958e+06   1.8958e+06   1.8958e+06   1.8958e+06   1.8958e+06   1.8958e+06  -3.4491e-03
   5.4435e+06   5.4435e+06   5.4435e+06   5.4435e+06   5.4435e+06   5.4435e+06   5.4435e+06   5.4435e+06   5.4435e+06   5.4435e+06   5.4435e+06   5.4435e+06   5.4435e+06   5.4435e+06   5.4435e+06   5.4435e+06   5.4435e+06   5.4435e+06   5.4435e+06   5.4435e+06   5.4435e+06   5.4435e+06   5.4435e+06   5.4435e+06   5.4435e+06   5.4435e+06   5.4435e+06   5.4435e+06   5.4435e+06   5.4435e+06   5.4435e+06   5.4435e+06   5.4435e+06   5.4435e+06   5.4435e+06   5.4435e+06   5.4435e+06   5.4435e+06   5.4435e+06   5.4435e+06   5.4435e+06   5.4435e+06   5.4435e+06   5.4435e+06   5.4435e+06   5.4435e+06   5.4435e+06   5.4435e+06  -3.4491e-03
   1.4875e+07   1.4875e+07   1.4875e+07   1.4875e+07   1.4875e+07   1.4875e+07   1.4875e+07   1.4875e+07   1.4875e+07   1.4875e+07   1.4875e+07   1.4875e+07   1.4875e+07   1.4875e+07   1.4875e+07   1.4875e+07   1.4875e+07   1.4875e+07   1.4875e+07   1.4875e+07   1.4875e+07   1.4875e+07   1.4875e+07   1.4875e+07   1.4875e+07   1.4875e+07   1.4875e+07   1.4875e+07   1.4875e+07   1.4875e+07   1.4875e+07   1.4875e+07   1.4875e+07   1.4875e+07   1.4875e+07   1.4875e+07   1.4875e+07   1.4875e+07   1.4875e+07   1.4875e+07   1.4875e+07   1.4875e+07   1.4875e+07   1.4875e+07   1.4875e+07   1.4875e+07   1.4875e+07   1.4875e+07  -3.4491e-03
   3.6913e+07   3.6913e+07   3.6913e+07   3.6913e+07   3.6913e+07   3.6913e+07   3.6913e+07   3.6913e+07   3.6913e+07   3.6913e+07   3.6913e+07   3.6913e+07   3.6913e+07   3.6913e+07   3.6913e+07   3.6913e+07   3.6913e+07   3.6913e+07   3.6913e+07   3.6913e+07   3.6913e+07   3.6913e+07   3.6913e+07   3.6913e+07   3.6913e+07   3.6913e+07   3.6913e+07   3.6913e+07   3.6913e+07   3.6913e+07   3.6913e+07   3.6913e+07   3.6913e+07   3.6913e+07   3.6913e+07   3.6913e+07   3.6913e+07   3.6913e+07   3.6913e+07   3.6913e+07   3.6913e+07   3.6913e+07   3.6913e+07   3.6913e+07   3.6913e+07   3.6913e+07   3.6913e+07   3.6913e+07  -3.4491e-03
   7.6780e+07   7.6780e+07   7.6780e+07   7.6780e+07   7.6780e+07   7.6780e+07   7.6780e+07   7.6780e+07   7.6780e+07   7.6780e+07   7.6780e+07   7.6780e+07   7.6780e+07   7.6780e+07   7.6780e+07   7.6780e+07   7.6780e+07   7.6780e+07   7.6780e+07   7.6780e+07   7.6780e+07   7.6780e+07   7.6780e+07   7.6780e+07   7.6780e+07   7.6780e+07   7.6780e+07   7.6780e+07   7.6780e+07   7.6780e+07   7.6780e+07   7.6780e+07   7.6780e+07   7.6780e+07   7.6780e+07   7.6780e+07   7.6780e+07   7.6780e+07   7.6780e+07   7.6780e+07   7.6780e+07   7.6780e+07   7.6780e+07   7.6780e+07   7.6780e+07   7.6780e+07   7.6780e+07   7.6780e+07  -3.4491e-03
   1.2484e+08   1.2484e+08   1.2484e+08   1.2484e+08   1.2484e+08   1.2484e+08   1.2484e+08   1.2484e+08   1.2484e+08   1.2484e+08   1.2484e+08   1.2484e+08   1.2484e+08   1.2484e+08   1.2484e+08   1.2484e+08   1.2484e+08   1.2484e+08   1.2484e+08   1.2484e+08   1.2484e+08   1.2484e+08   1.2484e+08   1.2484e+08   1.2484e+08   1.2484e+08   1.2484e+08   1.2484e+08   1.2484e+08   1.2484e+08   1.2484e+08   1.2484e+08   1.2484e+08   1.2484e+08   1.2484e+08   1.2484e+08   1.2484e+08   1.2484e+08   1.2484e+08   1.2484e+08   1.2484e+08   1.2484e+08   1.2484e+08   1.2484e+08   1.2484e+08   1.2484e+08   1.2484e+08   1.2484e+08  -3.4491e-03
   1.6149e+08   1.6149e+08   1.6149e+08   1.6149e+08   1.6149e+08   1.6149e+08   1.6149e+08   1.6149e+08   1.6149e+08   1.6149e+08   1.6149e+08   1.6149e+08   1.6149e+08   1.6149e+08   1.6149e+08   1.6149e+08   1.6149e+08   1.6149e+08   1.6149e+08   1.6149e+08   1.6149e+08   1.6149e+08   1.6149e+08   1.6149e+08   1.6149e+08   1.6149e+08   1.6149e+08   1.6149e+08   1.6149e+08   1.6149e+08   1.6149e+08   1.6149e+08   1.6149e+08   1.6149e+08   1.6149e+08   1.6149e+08   1.6149e+08   1.6149e+08   1.6149e+08   1.6149e+08   1.6149e+08   1.6149e+08   1.6149e+08   1.6149e+08   1.6149e+08   1.6149e+08   1.6149e+08   1.6149e+08  -3.4491e-03
   1.8110e+08   1.8110e+08   1.8110e+08   1.8110e+08   1.8110e+08   1.8110e+08   1.8110e+08   1.8110e+08   1.8110e+08   1.8110e+08   1.8110e+08   1.8110e+08   1.8110e+08   1.8110e+08   1.8110e+08   1.8110e+08   1.8110e+08   1.8110e+08   1.8110e+08   1.8110e+08   1.8110e+08   1.8110e+08   1.8110e+08   1.8110e+08   1.8110e+08   1.8110e+08   1.8110e+08   1.8110e+08   1.8110e+08   1.8110e+08   1.8110e+08   1.8110e+08   1.8110e+08   1.8110e+08   1.8110e+08   1.8110e+08   1.8110e+08   1.8110e+08   1.8110e+08   1.8110e+08   1.8110e+08   1.8110e+08   1.8110e+08   1.8110e+08   1.8110e+08   1.8110e+08   1.8110e+08   1.8110e+08  -3.4491e-03
   1.8975e+08   1.8975e+08   1.8975e+08   1.8975e+08   1.8975e+08   1.8975e+08   1.8975e+08   1.8975e+08   1.8975e+08   1.8975e+08   1.8975e+08   1.8975e+08   1.8975e+08   1.8975e+08   1.8975e+08   1.8975e+08   1.8975e+08   1.8975e+08   1.8975e+08   1.8975e+08   1.8975e+08   1.8975e+08   1.8975e+08   1.8975e+08   1.8975e+08   1.8975e+08   1.8975e+08   1.8975e+08   1.8975e+08   1.8975e+08   1.8975e+08   1.8975e+08   1.8975e+08   1.8975e+08   1.8975e+08   1.8975e+08   1.8975e+08   1.8975e+08   1.8975e+08   1.8975e+08   1.8975e+08   1.8975e+08   1.8975e+08   1.8975e+08   1.8975e+08   1.8975e+08   1.8975e+08   1.8975e+08  -3.4491e-03
   1.9327e+08   1.9327e+08   1.9327e+08   1.9327e+08   1.9327e+08   1.9327e+08   1.9327e+08   1.9327e+08   1.9327e+08   1.9327e+08   1.9327e+08   1.9327e+08   1.9327e+08   1.9327e+08   1.9327e+08   1.9327e+08   1.9327e+08   1.9327e+08   1.9327e+08   1.9327e+08   1.9327e+08   1.9327e+08   1.9327e+08   1.9327e+08   1.9327e+08   1.9327e+08   1.9327e+08   1.9327e+08   1.9327e+08   1.9327e+08   1.9327e+08   1.9327e+08   1.9327e+08   1.9327e+08   1.9327e+08   1.9327e+08   1.9327e+08   1.9327e+08   1.9327e+08   1.9327e+08   1.9327e+08   1.9327e+08   1.9327e+08   1.9327e+08   1.9327e+08   1.9327e+08   1.9327e+08   1.9327e+08  -3.4491e-03
   1.9467e+08   1.9467e+08   1.9467e+08   1.9467e+08   1.9467e+08   1.9467e+08   1.9467e+08   1.9467e+08   1.9467e+08   1.9467e+08   1.9467e+08   1.9467e+08   1.9467e+08   1.9467e+08   1.9467e+08   1.9467e+08   1.9467e+08   1.9467e+08   1.9467e+08   1.9467e+08   1.9467e+08   1.9467e+08   1.9467e+08   1.9467e+08   1.9467e+08   1.9467e+08   1.9467e+08   1.9467e+08   1.9467e+08   1.9467e+08   1.9467e+08   1.9467e+08   1.9467e+08   1.9467e+08   1.9467e+08   1.9467e+08   1.9467e+08   1.9467e+08   1.9467e+08   1.9467e+08   1.9467e+08   1.9467e+08   1.9467e+08   1.9467e+08   1.9467e+08   1.9467e+08   1.9467e+08   1.9467e+08  -3.4491e-03
   1.9523e+08   1.9523e+08   1.9523e+08   1.9523e+08   1.9523e+08   1.9523e+08   1.9523e+08   1.9523e+08   1.9523e+08   1.9523e+08   1.9523e+08   1.9523e+08   1.9523e+08   1.9523e+08   1.9523e+08   1.9523e+08   1.9523e+08   1.9523e+08   1.9523e+08   1.9523e+08   1.9523e+08   1.9523e+08   1.9523e+08   1.9523e+08   1.9523e+08   1.9523e+08   1.9523e+08   1.9523e+08   1.9523e+08   1.9523e+08   1.9523e+08   1.9523e+08   1.9523e+08   1.9523e+08   1.9523e+08   1.9523e+08   1.9523e+08   1.9523e+08   1.9523e+08   1.9523e+08   1.9523e+08   1.9523e+08   1.9523e+08   1.9523e+08   1.9523e+08   1.9523e+08   1.9523e+08   1.9523e+08  -3.4491e-03
   1.9546e+08   1.9546e+08   1.9546e+08   1.9546e+08   1.9546e+08   1.9546e+08   1.9546e+08   1.9546e+08   1.9546e+08   1.9546e+08   1.9546e+08   1.9546e+08   1.9546e+08   1.9546e+08   1.9546e+08   1.9546e+08   1.9546e+08   1.9546e+08   1.9546e+08   1.9546e+08   1.9546e+08   1.9546e+08   1.9546e+08   1.9546e+08   1.9546e+08   1.9546e+08   1.9546e+08   1.9546e+08   1.9546e+08   1.9546e+08   1.9546e+08   1.9546e+08   1.9546e+08   1.9546e+08   1.9546e+08   1.9546e+08   1.9546e+08   1.9546e+08   1.9546e+08   1.9546e+08   1.9546e+08   1.9546e+08   1.9546e+08   1.9546e+08   1.9546e+08   1.9546e+08   1.9546e+08   1.9546e+08  -3.4491e-03
   1.9555e+08   1.9555e+08   1.9555e+08   1.9555e+08   1.9555e+08   1.9555e+08   1.9555e+08   1.9555e+08   1.9555e+08   1.9555e+08   1.9555e+08   1.9555e+08   1.9555e+08   1.9555e+08   1.9555e+08   1.9555e+08   1.9555e+08   1.9555e+08   1.9555e+08   1.9555e+08   1.9555e+08   1.9555e+08   1.9555e+08   1.9555e+08   1.9555e+08   1.9555e+08   1.9555e+08   1.9555e+08   1.9555e+08   1.9555e+08   1.9555e+08   1.9555e+08   1.9555e+08   1.9555e+08   1.9555e+08   1.9555e+08   1.9555e+08   1.9555e+08   1.9555e+08   1.9555e+08   1.9555e+08   1.9555e+08   1.9555e+08   1.9555e+08   1.9555e+08   1.9555e+08   1.9555e+08   1.9555e+08  -3.4491e-03
   1.9559e+08   1.9559e+08   1.9559e+08   1.9559e+08   1.9559e+08   1.9559e+08   1.9559e+08   1.9559e+08   1.9559e+08   1.9559e+08   1.9559e+08   1.9559e+08   1.9559e+08   1.9559e+08   1.9559e+08   1.9559e+08   1.9559e+08   1.9559e+08   1.9559e+08   1.9559e+08   1.9559e+08   1.9559e+08   1.9559e+08   1.9559e+08   1.9559e+08   1.9559e+08   1.9559e+08   1.9559e+08   1.9559e+08   1.9559e+08   1.9559e+08   1.9559e+08   1.9559e+08   1.9559e+08   1.9559e+08   1.9559e+08   1.9559e+08   1.9559e+08   1.9559e+08   1.9559e+08   1.9559e+08   1.9559e+08   1.9559e+08   1.9559e+08   1.9559e+08   1.9559e+08   1.9559e+08   1.9559e+08  -3.4491e-03
   1.9560e+08   1.9560e+08   1.9560e+08   1.9560e+08   1.9560e+08   1.9560e+08   1.9560e+08   1.9560e+08   1.9560e+08   1.9560e+08   1.9560e+08   1.9560e+08   1.9560e+08   1.9560e+08   1.9560e+08   1.9560e+08   1.9560e+08   1.9560e+08   1.9560e+08   1.9560e+08   1.9560e+08   1.9560e+08   1.9560e+08   1.9560e+08   1.9560e+08   1.9560e+08   1.9560e+08   1.9560e+08   1.9560e+08   1.9560e+08   1.9560e+08   1.9560e+08   1.9560e+08   1.9560e+08   1.9560e+08   1.9560e+08   1.9560e+08   1.9560e+08   1.9560e+08   1.9560e+08   1.9560e+08   1.9560e+08   1.9560e+08   1.9560e+08   1.9560e+08   1.9560e+08   1.9560e+08   1.9560e+08  -3.4491e-03
   1.9561e+08   1.9561e+08   1.9561e+08   1.9561e+08   1.9561e+08   1.9561e+08   1.9561e+08   1.9561e+08   1.9561e+08   1.9561e+08   1.9561e+08   1.9561e+08   1.9561e+08   1.9561e+08   1.9561e+08   1.9561e+08   1.9561e+08   1.9561e+08   1.9561e+08   1.9561e+08   1.9561e+08   1.9561e+08   1.9561e+08   1.9561e+08   1.9561e+08   1.9561e+08   1.9561e+08   1.9561e+08   1.9561e+08   1.9561e+08   1.9561e+08   1.9561e+08   1.9561e+08   1.9561e+08   1.9561e+08   1.9561e+08   1.9561e+08   1.9561e+08   1.9561e+08   1.9561e+08   1.9561e+08   1.9561e+08   1.9561e+08   1.9561e+08   1.9561e+08   1.9561e+08   1.9561e+08   1.9561e+08  -3.4491e-03
   1.9561e+08   1.9561e+08   1.9561e+08   1.9561e+08   1.9561e+08   1.9561e+08   1.9561e+08   1.9561e+08   1.9561e+08   1.9561e+08   1.9561e+08   1.9561e+08   1.9561e+08   1.9561e+08   1.9561e+08   1.9561e+08   1.9561e+08   1.9561e+08   1.9561e+08   1.9561e+08   1.9561e+08   1.9561e+08   1.9561e+08   1.9561e+08   1.9561e+08   1.9561e+08   1.9561e+08   1.9561e+08   1.9561e+08   1.9561e+08   1.9561e+08   1.9561e+08   1.9561e+08   1.9561e+08   1.9561e+08   1.9561e+08   1.9561e+08   1.9561e+08   1.9561e+08   1.9561e+08   1.9561e+08   1.9561e+08   1.9561e+08   1.9561e+08   1.9561e+08   1.9561e+08   1.9561e+08   1.9561e+08  -3.4491e-03
   1.9562e+08   1.9562e+08   1.9562e+08   1.9562e+08   1.9562e+08   1.9562e+08   1.9562e+08   1.9562e+08   1.9562e+08   1.9562e+08   1.9562e+08   1.9562e+08   1.9562e+08   1.9562e+08   1.9562e+08   1.9562e+08   1.9562e+08   1.9562e+08   1.9562e+08   1.9562e+08   1.9562e+08   1.9562e+08   1.9562e+08   1.9562e+08   1.9562e+08   1.9562e+08   1.9562e+08   1.9562e+08   1.9562e+08   1.9562e+08   1.9562e+08   1.9562e+08   1.9562e+08   1.9562e+08   1.9562e+08   1.9562e+08   1.9562e+08   1.9562e+08   1.9562e+08   1.9562e+08   1.9562e+08   1.9562e+08   1.9562e+08   1.9562e+08   1.9562e+08   1.9562e+08   1.9562e+08   1.9562e+08  -3.4491e-03
   1.9562e+08   1.9562e+08   1.9562e+08   1.9562e+08   1.9562e+08   1.9562e+08   1.9562e+08   1.9562e+08   1.9562e+08   1.9562e+08   1.9562e+08   1.9562e+08   1.9562e+08   1.9562e+08   1.9562e+08   1.9562e+08   1.9562e+08   1.9562e+08   1.9562e+08   1.9562e+08   1.9562e+08   1.9562e+08   1.9562e+08   1.9562e+08   1.9562e+08   1.9562e+08   1.9562e+08   1.9562e+08   1.9562e+08   1.9562e+08   1.9562e+08   1.9562e+08   1.9562e+08   1.9562e+08   1.9562e+08   1.9562e+08   1.9562e+08   1.9562e+08   1.9562e+08   1.9562e+08   1.9562e+08   1.9562e+08   1.9562e+08   1.9562e+08   1.9562e+08   1.9562e+08   1.9562e+08   1.9562e+08  -3.4491e-03
   1.9562e+08   1.9562e+08   1.9562e+08   1.9562e+08   1.9562e+08   1.9562e+08   1.9562e+08   1.9562e+08   1.9562e+08   1.9562e+08   1.9562e+08   1.9562e+08   1.9562e+08   1.9562e+08   1.9562e+08   1.9562e+08   1.9562e+08   1.9562e+08   1.9562e+08   1.9562e+08   1.9562e+08   1.9562e+08   1.9562e+08   1.9562e+08   1.9562e+08   1.9562e+08   1.9562e+08   1.9562e+08   1.9562e+08   1.9562e+08   1.9562e+08   1.9562e+08   1.9562e+08   1.9562e+08   1.9562e+08   1.9562e+08   1.9562e+08   1.9562e+08   1.9562e+08   1.9562e+08   1.9562e+08   1.9562e+08   1.9562e+08   1.9562e+08   1.9562e+08   1.9562e+08   1.9562e+08   1.9562e+08  -3.4491e-03
   1.9562e+08   1.9562e+08   1.9562e+08   1.9562e+08   1.9562e+08   1.9562e+08   1.9562e+08   1.9562e+08   1.9562e+08   1.9562e+08   1.9562e+08   1.9562e+08   1.9562e+08   1.9562e+08   1.9562e+08   1.9562e+08   1.9562e+08   1.9562e+08   1.9562e+08   1.9562e+08   1.9562e+08   1.9562e+08   1.9562e+08   1.9562e+08   1.9562e+08   1.9562e+08   1.9562e+08   1.9562e+08   1.9562e+08   1.9562e+08   1.9562e+08   1.9562e+08   1.9562e+08   1.9562e+08   1.9562e+08   1.9562e+08   1.9562e+08   1.9562e+08   1.9562e+08   1.9562e+08   1.9562e+08   1.9562e+08   1.9562e+08   1.9562e+08   1.9562e+08   1.9562e+08   1.9562e+08   1.9562e+08  -3.4491e-03
   1.9562e+08   1.9562e+08   1.9562e+08   1.9562e+08   1.9562e+08   1.9562e+08   1.9562e+08   1.9562e+08   1.9562e+08   1.9562e+08   1.9562e+08   1.9562e+08   1.9562e+08   1.9562e+08   1.9562e+08   1.9562e+08   1.9562e+08   1.9562e+08   1.9562e+08   1.9562e+08   1.9562e+08   1.9562e+08   1.9562e+08   1.9562e+08   1.9562e+08   1.9562e+08   1.9562e+08   1.9562e+08   1.9562e+08   1.9562e+08   1.9562e+08   1.9562e+08   1.9562e+08   1.9562e+08   1.9562e+08   1.9562e+08   1.9562e+08   1.9562e+08   1.9562e+08   1.9562e+08   1.9562e+08   1.9562e+08   1.9562e+08   1.9562e+08   1.9562e+08   1.9562e+08   1.9562e+08   1.9562e+08  -3.4491e-03
   1.9562e+08   1.9562e+08   1.9562e+08   1.9562e+08   1.9562e+08   1.9562e+08   1.9562e+08   1.9562e+08   1.9562e+08   1.9562e+08   1.9562e+08   1.9562e+08   1.9562e+08   1.9562e+08   1.9562e+08   1.9562e+08   1.9562e+08   1.9562e+08   1.9562e+08   1.9562e+08   1.9562e+08   1.9562e+08   1.9562e+08   1.9562e+08   1.9562e+08   1.9562e+08   1.9562e+08   1.9562e+08   1.9562e+08   1.9562e+08   1.9562e+08   1.9562e+08   1.9562e+08   1.9562e+08   1.9562e+08   1.9562e+08   1.9562e+08   1.9562e+08   1.9562e+08   1.9562e+08   1.9562e+08   1.9562e+08   1.9562e+08   1.9562e+08   1.9562e+08   1.9562e+08   1.9562e+08   1.9562e+08  -3.4491e-03
   1.9562e+08   1.9562e+08   1.9562e+08   1.9562e+08   1.9562e+08   1.9562e+08   1.9562e+08   1.9562e+08   1.9562e+08   1.9562e+08   1.9562e+08   1.9562e+08   1.9562e+08   1.9562e+08   1.9562e+08   1.9562e+08   1.9562e+08   1.9562e+08   1.9562e+08   1.9562e+08   1.9562e+08   1.9562e+08   1.9562e+08   1.9562e+08   1.9562e+08   1.9562e+08   1.9562e+08   1.9562e+08   1.9562e+08   1.9562e+08   1.9562e+08   1.9562e+08   1.9562e+08   1.9562e+08   1.9562e+08   1.9562e+08   1.9562e+08   1.9562e+08   1.9562e+08   1.9562e+08   1.9562e+08   1.9562e+08   1.9562e+08   1.9562e+08   1.9562e+08   1.9562e+08   1.9562e+08   1.9562e+08  -3.4491e-03
   1.9562e+08   1.9562e+08   1.9562e+08   1.9562e+08   1.9562e+08   1.9562e+08   1.9562e+08   1.9562e+08   1.9562e+08   1.9562e+08   1.9562e+08   1.9562e+08   1.9562e+08   1.9562e+08   1.9562e+08   1.9562e+08   1.9562e+08   1.9562e+08   1.9562e+08   1.9562e+08   1.9562e+08   1.9562e+08   1.9562e+08   1.9562e+08   1.9562e+08   1.9562e+08   1.9562e+08   1.9562e+08   1.9562e+08   1.9562e+08   1.9562e+08   1.9562e+08   1.9562e+08   1.9562e+08   1.9562e+08   1.9562e+08   1.9562e+08   1.9562e+08   1.9562e+08   1.9562e+08   1.9562e+08   1.9562e+08   1.9562e+08   1.9562e+08   1.9562e+08   1.9562e+08   1.9562e+08   1.9562e+08  -3.4491e-03
   1.9562e+08   1.9562e+08   1.9562e+08   1.9562e+08   1.9562e+08   1.9562e+08   1.9562e+08   1.9562e+08   1.9562e+08   1.9562e+08   1.9562e+08   1.9562e+08   1.9562e+08   1.9562e+08   1.9562e+08   1.9562e+08   1.9562e+08   1.9562e+08   1.9562e+08   1.9562e+08   1.9562e+08   1.9562e+08   1.9562e+08   1.9562e+08   1.9562e+08   1.9562e+08   1.9562e+08   1.9562e+08   1.9562e+08   1.9562e+08   1.9562e+08   1.9562e+08   1.9562e+08   1.9562e+08   1.9562e+08   1.9562e+08   1.9562e+08   1.9562e+08   1.9562e+08   1.9562e+08   1.9562e+08   1.9562e+08   1.9562e+08   1.9562e+08   1.9562e+08   1.9562e+08   1.9562e+08   1.9562e+08  -3.4491e-03
   1.9562e+08   1.9562e+08   1.9562e+08   1.9562e+08   1.9562e+08   1.9562e+08   1.9562e+08   1.9562e+08   1.9562e+08   1.9562e+08   1.9562e+08   1.9562e+08   1.9562e+08   1.9562e+08   1.9562e+08   1.9562e+08   1.9562e+08   1.9562e+08   1.9562e+08   1.9562e+08   1.9562e+08   1.9562e+08   1.9562e+08   1.9562e+08   1.9562e+08   1.9562e+08   1.9562e+08   1.9562e+08   1.9562e+08   1.9562e+08   1.9562e+08   1.9562e+08   1.9562e+08   1.9562e+08   1.9562e+08   1.9562e+08   1.9562e+08   1.9562e+08   1.9562e+08   1.9562e+08   1.9562e+08   1.9562e+08   1.9562e+08   1.9562e+08   1.9562e+08   1.9562e+08   1.9562e+08   1.9562e+08  -3.4491e-03
   1.9562e+08   1.9562e+08   1.9562e+08   1.9562e+08   1.9562e+08   1.9562e+08   1.9562e+08   1.9562e+08   1.9562e+08   1.9562e+08   1.9562e+08   1.9562e+08   1.9562e+08   1.9562e+08   1.9562e+08   1.9562e+08   1.9562e+08   1.9562e+08   1.9562e+08   1.9562e+08   1.9562e+08   1.9562e+08   1.9562e+08   1.9562e+08   1.9562e+08   1.9562e+08   1.9562e+08   1.9562e+08   1.9562e+08   1.9562e+08   1.9562e+08   1.9562e+08   1.9562e+08   1.9562e+08   1.9562e+08   1.9562e+08   1.9562e+08   1.9562e+08   1.9562e+08   1.9562e+08   1.9562e+08   1.9562e+08   1.9562e+08   1.9562e+08   1.9562e+08   1.9562e+08   1.9562e+08   1.9562e+08  -3.4491e-03
   1.9562e+08   1.9562e+08   1.9562e+08   1.9562e+08   1.9562e+08   1.9562e+08   1.9562e+08   1.9562e+08   1.9562e+08   1.9562e+08   1.9562e+08   1.9562e+08   1.9562e+08   1.9562e+08   1.9562e+08   1.9562e+08   1.9562e+08   1.9562e+08   1.9562e+08   1.9562e+08   1.9562e+08   1.9562e+08   1.9562e+08   1.9562e+08   1.9562e+08   1.9562e+08   1.9562e+08   1.9562e+08   1.9562e+08   1.9562e+08   1.9562e+08   1.9562e+08   1.9562e+08   1.9562e+08   1.9562e+08   1.9562e+08   1.9562e+08   1.9562e+08   1.9562e+08   1.9562e+08   1.9562e+08   1.9562e+08   1.9562e+08   1.9562e+08   1.9562e+08   1.9562e+08   1.9562e+08   1.9562e+08  -3.4491e-03
   1.9562e+08   1.9562e+08   1.9562e+08   1.9562e+08   1.9562e+08   1.9562e+08   1.9562e+08   1.9562e+08   1.9562e+08   1.9562e+08   1.9562e+08   1.9562e+08   1.9562e+08   1.9562e+08   1.9562e+08   1.9562e+08   1.9562e+08   1.9562e+08   1.9562e+08   1.9562e+08   1.9562e+08   1.9562e+08   1.9562e+08   1.9562e+08   1.9562e+08   1.9562e+08   1.9562e+08   1.9562e+08   1.9562e+08   1.9562e+08   1.9562e+08   1.9562e+08   1.9562e+08   1.9562e+08   1.9562e+08   1.9562e+08   1.9562e+08   1.9562e+08   1.9562e+08   1.9562e+08   1.9562e+08   1.9562e+08   1.9562e+08   1.9562e+08   1.9562e+08   1.9562e+08   1.9562e+08   1.9562e+08  -3.4491e-03
   1.9562e+08   1.9562e+08   1.9562e+08   1.9562e+08   1.9562e+08   1.9562e+08   1.9562e+08   1.9562e+08   1.9562e+08   1.9562e+08   1.9562e+08   1.9562e+08   1.9562e+08   1.9562e+08   1.9562e+08   1.9562e+08   1.9562e+08   1.9562e+08   1.9562e+08   1.9562e+08   1.9562e+08   1.9562e+08   1.9562e+08   1.9562e+08   1.9562e+08   1.9562e+08   1.9562e+08   1.9562e+08   1.9562e+08   1.9562e+08   1.9562e+08   1.9562e+08   1.9562e+08   1.9562e+08   1.9562e+08   1.9562e+08   1.9562e+08   1.9562e+08   1.9562e+08   1.9562e+08   1.9562e+08   1.9562e+08   1.9562e+08   1.9562e+08   1.9562e+08   1.9562e+08   1.9562e+08   1.9562e+08  -3.4491e-03
  -3.4491e-03  -3.4491e-03  -3.4491e-03  -3.4491e-03  -3.4491e-03  -3.4491e-03  -3.4491e-03  -3.4491e-03  -3.4491e-03  -3.4491e-03  -3.4491e-03  -3.4491e-03  -3.4491e-03  -3.4491e-03  -3.4491e-03  -3.4491e-03  -3.4491e-03  -3.4491e-03  -3.4491e-03  -3.4491e-03  -3.4491e-03  -3.4491e-03  -3.4491e-03  -3.4491e-03  -3.4491e-03  -3.4491e-03  -3.4491e-03  -3.4491e-03  -3.4491e-03  -3.4491e-03  -3.4491e-03  -3.4491e-03  -3.4491e-03  -3.4491e-03  -3.4491e-03  -3.4491e-03  -3.4491e-03  -3.4491e-03  -3.4491e-03  -3.4491e-03  -3.4491e-03  -3.4491e-03  -3.4491e-03  -3.4491e-03  -3.4491e-03  -3.4491e-03  -3.4491e-03  -3.4491e-03   2.7593e-02


T= 50000
